 -2.041999982912068 0.03318233199771858 -0.4395424798159457
 -2.07589579009114 0.1137382581348828 0.8567559198927611
 -0.8952554620694713 2.185971382804414 2.32260443087641
 -0.8669243346868916 -0.1668279039994014 0.473740688095154
 -0.8576732565220561 -0.318725133071003 2.030936790366017
 -0.1791610814817299 -0.4632679566914918 -0.1277355147816389
 0.7162689426806309 -0.7165392040404167 0.8917357096482653
 -0.450279008383902 -0.3042321656319901 1.141793169183081
 -0.8041227515097163 -0.1794653900044874 2.464064155350676
 -1.484811475183126 -0.1331651126862892 0.8799184128071247
 -0.476775394640726 -0.7776953734493084 0.4359693793335955
 -0.3881396368275205 -0.2826948897157375 0.8251594314371309
 -0.03137772201852501 -0.2988782740315905 -0.2895733591275805
 -0.7569727279829366 -0.6405303977441662 0.8993837206275143
 -0.9196963125309363 -0.3830602625992213 -0.8573390023018858
 -0.6217386559223461 -0.4161689346933268 0.08111962278300278
 -0.9173746958081209 2.084479065336371 -0.6958116106943719
 1.036472449058504 1.764797953238154 -0.05134404311772922
 -0.6611519382965801 -0.2394184642488788 1.767135317087292
 -1.052790740076641 -0.4218657188051065 1.06641561655789
 1.085733364557939 -0.922805682901837 -0.1341528311557864
 -0.7502842592250787 -0.2567715449758985 0.4433637495215437
 -1.54372623572493 -0.3063416256001504 0.2689263386801383
 0.6652381197377755 -0.6869008828929645 0.455790821303694
 1.383445751218531 -1.025710996248254 0.02636807122839702
 0.4849915403086209 1.617526078917586 0.3092232926016507
 -1.291833636143428 -0.2155805337971398 0.7389490655999877
 -1.082855080797637 -0.3961536007728942 -0.2139458806187822
 -1.443638585848604 -0.1077016336547966 1.407701283893275
 -1.241979829982564 -0.1079315665089698 1.862490560394144
 -1.705143849090441 -0.07356428402655096 1.807454262415711
 -0.8396064939242793 -0.4748914577692245 2.297645749269004
 -0.195333469512619 -0.1913422664006272 -0.06689167537006752
 -2.077011637489733 -0.07899372299106457 -0.3687492038341784
 -0.3706430355682375 -0.2047784970856802 0.1304309117772616
 1.628950298154276 -0.9616907000115955 0.4385406917175947
 -1.466272624748451 -0.1060814246085566 1.383839053773551
 -1.096428165316545 -0.3290058461009631 -0.7503575314056764
 -1.199176288088251 0.007151367134186432 0.6212247437561773
 -2.438354793382867 2.481100720208311 3.844214683358453
 0.7746931633264379 -0.682955973631178 -0.05314766162615869
 -0.6414545231390125 -0.3059653343354369 0.2647955882661618
 -0.3772107015015644 2.023465240798259 1.555589483652007
 -0.464550998628607 -0.5337877952596561 0.9088958769700138
 0.3667287538497899 -0.4633662237419117 -0.1254415190060799
 0.03298091549523979 -0.465460991103285 -0.09515454269682022
 -1.920755727029987 0.01047134613053968 1.924561379503124
 0.5435586801369939 -0.9347533703444031 0.4918028065971287
 0.05297080520213567 1.906226685036403 0.1227260888508856
 -0.4116442531779625 -0.4040100205431337 0.3537298002911725
 0.008046070852035125 1.561931014276961 1.57716514781156
 -1.210194914776147 2.038051135754178 -0.9156794859996671
 -1.391602417848554 -0.1008591988119103 0.4049678061881996
 -2.09071948961524 0.07460861556416404 0.9810849124548084
 0.7717749916432569 -0.7915393649428278 -0.260685857229042
 -1.277741259186292 2.268959629280818 2.454855036118452
 -3.133895969122608 0.07617671971052398 2.760779059046789
 -0.3788334124985823 -0.1473707028377352 1.090547733470666
 -1.322457627706592 2.08177406031635 2.049904291103889
 -1.436698823923451 -0.2713868251453914 1.108325105548813
 -2.350974137851884 0.2150233624350595 0.7200972476283021
 -1.801307982226391 -0.1271401286699164 -0.5624608532441904
 0.3781070476897088 -1.003291401208401 0.5972874110028783
 0.206242887318272 -0.4376728118562458 -0.05244792442079815
 -1.475750520802186 -0.06763756706059805 0.3673689921399547
 0.8785571334967368 -0.8263812057403801 -0.1992248130610728
 -0.8332553453967195 -0.3608372016602086 -0.2818316709762867
 -0.1423286505603786 -0.478897221788338 0.1021680444505089
 -2.453109381960797 0.03073531905169186 -0.1786484921614842
 -2.620535010417467 0.2201139224279526 0.1937212807682602
 0.3671456955225852 -0.5673376269155614 1.403577963294687
 0.6319491680022014 -0.5095495278631436 0.1030551359999587
 -0.06921549799707086 -0.3197297649250829 0.9192014476899188
 -0.7405243991183414 0.1054593849493899 -0.3727000297194537
 1.707262057741547 -1.212079114386208 0.06106311456007318
 -2.784092268297864 0.2673352571565977 0.6267586834885688
 0.5710155657700425 1.743720543030248 -0.644288858373517
 -1.545700231734315 -0.04842499135989202 0.535811507204133
 -1.740664495623201 -0.2816768912486248 -0.996291670341904
 -1.710998644515901 -0.247074336378519 0.07371410787197286
 0.9024602394608755 -0.7653807478153019 0.4825605370476811
 0.03445040682655953 1.835486266687339 0.9374692112224304
 0.9169142019135104 1.746158202903001 -0.228505300147002
 -1.014499328320296 -0.1741074848643281 -1.223811271534142
 1.421222357813679 -0.6748402357931913 0.7306949945874228
 -1.536394007405377 0.08689919551811048 0.801199809237668
 -1.990779036185316 -0.2138807638470265 2.066147931466658
 0.8746151646972626 -0.9277886227710369 -0.2867484059522805
 -1.330531689089436 2.09638400095233 -0.1948884176165592
 -1.379470072118735 -0.05685957602919842 -0.4676254226139973
 -0.4707306854445634 -0.4034184890310339 -1.008344033435876
 0.88841506710507 -0.8814830059193249 -0.2910627958026523
 -1.684802674371178 -0.1306291857631159 1.293407975258081
 -0.3110969443045414 -0.5957039710616677 -0.2102412657094201
 -0.01263844731682179 1.966532004865448 0.5890479157690671
 0.3521136301686842 -0.763577371281255 3.387296759831972
 0.1754472240303107 2.033449826683206 0.5074255414830419
 0.7520591244265905 -0.6813357645849381 -0.07700989174588302
 -1.706504966437032 -0.3360929064048097 -0.1959885840119343
 0.08019057246315209 2.015495861370813 1.222405353525318
 -0.5479390264730435 -0.5338820487703165 -1.345319025828583
 -0.7891827364381149 -0.1831336010457344 -0.8651743676252244
 -1.345336936554437 2.013597628110279 1.24810433828346
 -0.2032910053347685 -0.6377217861402129 -0.2687948242531265
 -1.848206712585877 -0.2135191651891 1.158863374240479
 -1.524807347735657 -0.2959158801534041 -0.3354610647286113
 0.3886638870238396 -0.7616898170877487 0.2019350696874715
 -1.344666783370871 -0.1017936228353901 1.320971105379473
 -2.648000047626482 0.04104810484123135 -1.683895706606877
 0.2461467095885027 -0.4748299997960714 -0.1825881733236773
 -0.3539189382579532 -0.6671301744334921 -0.2876392124094243
 0.4702126864654907 -0.5901335132201275 0.8367893739341823
 -1.787734897707484 -0.1942878833418474 -0.02604920245729603
 -0.1244335596873987 -0.4612955020605986 -0.3822047562465652
 0.836235979922454 1.697537238909016 -0.4157922033674785
 -2.260266310527697 0.03477448182413878 1.56662792770726
 -0.2582453450179994 -0.7531476122947492 0.5264004578490662
 0.1986042196673221 -0.5706910046652482 0.5504426124974918
 -1.285445583497671 -0.1888397382307873 0.7967991720306397
 1.965542709968807 -1.094577227016845 0.5889359479105747
 -1.179061931257887 -0.1633669061260215 0.6479044972358133
 -0.6174717957323765 -0.6186408762432603 0.3521429715363621
 -0.003606245478113283 -0.3800350847541277 0.4528796207717373
 0.5350249597570548 -0.5298094872445362 -0.05024389090959003
 -1.329046104619377 -0.1832933260693074 1.617353550743016
 -0.4030081820325909 1.846705417280538 0.5462513352286942
 0.2210665868423723 -0.3985431692855271 -0.1767769169828456
 -2.106548534196535 -0.001001782996893186 2.544092271066503
 -0.5957407511242911 1.9989174796437 1.465158405136537
 -0.7673272247065624 -0.1077811945586699 0.05664018790688077
 -0.414145483188348 -0.6165648150284334 1.675211086989056
 -2.138415199202119 0.1088589248496165 2.281697702013887
 0.1665210372559706 1.881467697174217 -0.8662708049256695
 -1.725840796099101 -0.242547248677906 -1.120620662903951
 0.1487791660486892 1.733754663291848 -0.9494800079665053
 -0.00659801538449542 -0.7321831617440497 0.2184854620682104
 -2.236136386674659 0.2092283112728599 1.707687237178748
 -1.129545445327322 -0.3254225354971031 -0.3520114571093503
 1.395698899772882 1.630291217186665 0.1229134431949749
 1.01747996284603 1.510807522113136 0.5261873971903769
 -0.2388992148727986 1.609058095494945 -0.2440123522667285
 0.3013707944981265 -0.9505049481717295 0.4975241006736096
 -1.923539131106568 -0.1845666290644078 -0.1692225831756413
 0.02100178943111913 -0.6395719280406261 0.2098566823674667
 1.749060254578666 -1.13347693673339 0.2584756639717529
 -0.9951634986582274 -0.2676531425912316 -0.2991791926421248
 0.3475279018075148 -0.8744667566619049 2.311479725277264
 -0.3709249996212395 -0.6054532845589271 1.962964752651855
 0.01152389337738391 -0.6011280704926676 -0.80661337926613
 -1.156899980194938 -0.3482371279482157 0.4345550452920985
 -0.176144836296953 -0.7720172954840752 0.8040284773206621
 -2.394286671701293 0.004003876558612618 -0.9131761444731124
 -0.09467778665446969 1.655382418493204 -1.601681833879054
 -0.06259460424311826 -0.7967762833462613 -0.1849684164558928
 1.6550542180167 -1.045153504803133 0.3127148326650875
 -0.933477762879645 -0.473022609722265 0.4656391508864574
 -0.6351849143974266 1.645740725119638 -0.1074473571743143
 1.191038073517327 -1.177378292465682 1.128774896998391
 -0.06970603789306756 -0.4593230474297053 -0.6366739977114917
 -1.159438114323521 -0.4734784618908519 -0.8812911946859607
 -0.1339666019052365 -0.7100730604622439 -0.1068670176428341
 -2.865070906401021 -0.1383037640393026 0.953341857804715
 -0.3579405284999245 -0.3948615916312473 0.2192751615379216
 0.5257187354281166 -0.6651336741225387 -0.3156321929431251
 -0.8511504362696993 -0.378438921387948 0.2025411297207875
 1.30331923850687 -1.264757947299186 -0.518145116767194
 1.16294170558642 -0.7923421231625544 0.2028221612369214
 -0.9431273306581773 -0.2608107077483454 -1.301912670347201
 -0.7491072424430871 -0.3940588334115209 -0.2442328569280417
 -2.059895073785047 0.01558061226997909 0.04483032088112815
 1.192515506411419 -0.9576475236993892 -0.0726917869878172
 -1.23537738828771 -0.5413213546588163 -0.5603430670896385
 -0.9955435362128253 -0.2509951999602453 0.8091288517330512
 -1.529074207925627 -0.09344393860347071 -0.6064844134819706
 0.519702778774185 1.372684076704453 0.7523000941565056
 0.8462368327133533 -0.9434272409411562 0.619832699160844
 0.3063181083547951 -0.812616775150734 -0.8536306724848298
 -2.483382088511593 -0.1006626647110705 0.4003798146370818
 1.865900754307507 1.014906013109419 0.6027993593283638
 1.839596410178055 -1.13995777291835 0.3539245844506498
 -0.4176050636677919 1.921029146233462 0.1298542871534756
 2.311993055391669 -1.282565554201039 0.6474932213619748
 1.920303384711343 1.320757826320902 0.1648303620012858
 -0.5773124030310151 1.869749942585824 -0.6951044436736236
 0.894803119750827 -0.8547422103529725 -0.2332126893720005
 -1.279928108302508 -0.2850342825380711 0.407081877435057
 -1.003200655922874 -0.3403566624979159 0.09335562531336988
 1.276111900085656 -0.8004431683937541 0.3221333118355425
 -0.2991729644045232 -0.7088144500739306 0.7765553094636205
 -1.899084315863034 -0.3139921581962769 0.1553364821579981
 -1.074400981860195 -0.4274214840398597 0.92253878372649
 -0.3743948805838156 -0.5236106888136296 2.112652841824087
 0.4510772810704505 1.741738735326082 0.2868579289723862
 -0.626079114335517 -0.4572616788216655 -0.2167596890710002
 -1.10909376826666 -0.2262362120980593 1.798125745509606
 -1.03970819545373 -0.62860675598166 0.04695182194337355
 -0.6065349188436477 -0.3936972347535943 -1.151517414154221
 -0.5119771730022868 -0.6724466537407988 -1.56298286762267
 0.534816593927254 -0.6869195890395109 1.809145913065648
 -1.892187271262181 -0.1913148103966338 3.087725797328032
 -0.7622633852891991 -0.4308824819132396 0.7483749745858305
 -0.1860027699052862 -0.7169154953051303 0.8958664600622416
 -1.310219266912404 -0.3727755360295016 -0.3325535791043485
 -1.079139929887063 -0.4081995552658804 0.4143037529096916
 -0.988603774287673 -0.4146803914508402 0.5097526733885884
 -1.156139905085742 -0.3815530132101882 -1.782061043458254
 0.4678462240617048 -0.8891428915887247 0.2720248935561844
 -0.9091946193609084 -0.4286800944281731 0.03911645662003532
 -0.3053526512204794 -0.5784451438453084 -1.140684600942269
 1.345117435343989 -1.186155769646368 -0.3207325673555141
 0.1763502183220728 -0.5857287382499946 -0.5817276619974087
 -0.1335865643506384 -0.7267310030932302 -1.21517506201801
 1.056740025554566 1.464168365823317 -0.5922462933760028
 -1.03805909083484 -0.5826440316413283 -0.4034331024427726
 1.325401568127322 -1.075952169288479 -0.1370566018723551
 0.03470964155662659 -0.7931742665958548 -1.13997743392152
 0.7586476013393757 1.58373162180072 0.35554084861499
 0.6487468635356868 -0.7283365195326833 -0.2881590250860835
 -0.1325258631161478 -0.8212204379168868 1.302137861946257
 -0.9106720522550007 -0.6484108631944658 1.240583140606243
 -1.308398490568717 -0.5005808561151308 -0.03185674389043369
 -1.703415123029054 -0.4012775595191206 0.7626313711910107
 -0.7042192021979902 -0.3806413088730145 0.9117996476865826
 -0.7430992273519279 -0.3506600952141821 0.9219252938777861
 -0.7549435858094491 -0.6112256160348206 -0.6593092481338082
 -0.2916875164192718 -0.4456849431102989 0.7412467762832408
 -0.1540625066765008 -0.5832115174733677 1.185116992215501
 0.04071765664778558 -0.7497755283985159 0.02618071688430769
 -0.4316789885658286 -0.6071677471158273 -0.2673879200270174
 0.6783206643606865 -0.893641920069518 -0.563672973310822
 -0.9462538681711592 -0.5265042008549699 0.3499389380251536
 -1.806899055644755 -0.2745102700409049 -0.1995995217492518
 0.1026117582561686 -0.7980348937345746 -1.068390743562348
 0.2572001120379262 -0.7108758186819705 0.3566410008231293
 -0.8425615697256577 -0.496161388538211 -0.5472199730098217
 -1.395636436930328 -0.4021745712495075 -1.028075513141623
 -1.500260482209823 -0.2254334538783329 1.334617727043643
 -0.3386046988378559 -0.4884072493581509 1.143907240429939
 -0.8493296599260125 -0.5062442414735772 0.5032379649347023
 -2.978792810179653 0.06022326824884444 1.191256991981208
 0.2993783464296428 -0.6489315836601393 -0.5542544941403671
 0.3699902689825653 -0.7023189212821838 1.584260195796926
 0.3995640698075648 -0.8676243218190185 1.308746247572188
 1.214597836031871 -0.7688417456886818 0.3083967279070217
 0.6408813779958373 -0.9748080838653287 0.8554575524694727
 -2.065731417151409 -0.2015861703533207 -0.3702460703246383
 -2.642200398365123 -0.07266325875640461 1.341652248174189
 1.477480540322728 1.298060207066756 -0.4042522231347779
 -1.098855797103729 -0.2979959549079906 0.5979797183928506
 -0.1438245355135697 -0.654971260283299 -0.0150290349012546
 -0.8745018329544429 -0.6298653663699735 -0.836470505163081
 -1.26330208449382 -0.3300532297816497 -0.7352140432510466
 1.509943760288678 -1.170756437403696 -0.09584685008679283
 -1.066192152870751 -0.5284860085591363 1.281085725371057
 -2.211945293438222 0.05366287116001119 -0.06435518352628944
 2.515728158032527 1.114947199628069 0.4858721667696522
 1.283603371290204 -1.154554346941296 -0.3344691512840349
 0.7595505956311379 -1.03544694313248 -0.7336123548654603
 -0.8067713879796978 -0.4609579490827322 -1.51596557440397
 1.538614566821915 1.28311672699267 0.717792405168919
 -1.437986343046842 -0.2903507618453777 -0.8682617777781884
 0.6394406392067489 -0.8636607064106856 -0.5535473271196186
 2.001533315981794 1.17895280325794 -0.005109019553352634
 -0.2151677806334569 1.843826597845985 -0.3133087617580363
 -1.057774958051507 -0.4724404312834384 -0.2197571369596136
 1.490227893072011 -1.060552837045806 0.08782911539636618
 -2.135454310194638 -0.06892022312897161 -0.7425295958977258
 -0.7733903859618241 -0.4384013487056128 0.1822898373383806
 0.8431469893053752 -0.8782425878268451 -0.3387872560421007
 -1.900905092206721 -0.1861868381106477 -0.1453603530559171
 -0.902986180002721 1.853045234588471 1.579975241356084
 1.179786605721235 1.357308790141841 0.7538906378190102
 -0.4672608044819873 -0.4852610847763313 -1.158032122608107
 1.039913577478849 -0.7291392777524097 0.1753489933798799
 1.199484020878802 1.290761920055282 -0.7484490910021203
 0.06279998626823775 -0.5609697503878086 0.4072692317791465
 1.393303684826865 -1.080812796427198 -0.06546991151318249
 -1.515746393354717 -0.230388334527713 -0.8480104853957815
 0.1440299175386893 -0.7027747734507708 0.2373298502245083
 0.2736177700168136 -0.913004867720524 1.073734884112263
 0.8815040577221488 1.694296820816536 -0.36806774312803
 -1.24083971731877 -0.1579053944019287 -1.462433572731384
 -0.5618185503233479 -0.2065116657891269 -0.7465666691396577
 0.001285922214452687 -0.5293683276827363 0.3935326478506257
 -0.1686593883117017 -0.5088877885204436 0.7687199441402823
 0.1504179701844464 -0.6760339778844182 0.2951799566551601
 1.263887504073538 -1.044350746583406 -0.1507931858008759
 -1.167137951357869 -0.2764773851382844 1.634701072408854
 -1.745556663315767 -0.1323436483200162 -0.9369446974207922
 0.2053643683049045 1.520608337294449 1.734075112458426
 -0.645594557285155 1.89126851235553 0.3416169103423798
 0.308856242483378 -0.6873754412080978 0.4622155674932295
 -0.1892642850380615 -0.4779627977648582 -0.8138352547407646
 -1.631834759537135 -0.3308706806081632 -1.174859831597286
 0.001665959769050762 -0.5460262703137226 -0.7147753965245505
 1.393504109093893 1.157513794392107 0.3092307224170387
 -1.447844276655175 -0.2352489616664328 -0.7764237950366089
 -1.570872404762745 -0.1720461162562882 -0.8038969628936503
 0.4620098806953432 -1.106309674212024 -0.143051497649582
 0.8599734373810918 1.315065055748881 -1.106382542797983
 -1.561014471154412 -0.2271479164352331 -0.8957349456352299
 0.661694640551998 -0.8486229728259393 0.5786229473752819
 -1.845399043244095 -0.2611869990130588 -1.297781919933224
 0.3486680144713089 -0.9244405845548639 -1.013444407848265
 -2.159357416158777 -0.1299206810540498 -1.424314946006479
 2.125084400826529 -1.486770664454419 0.04151898919841468
 -0.1832562699469025 -0.4345640595675194 0.3523228960650635
 1.079345311912182 -0.9495464784681895 -0.1920029375864382
 -0.693981231035059 -0.4524010516829456 -0.2883463794301728
 -0.3188888316211895 -0.5986108497160407 0.9602312749467796
 -2.946129165946675 -0.1702667854023014 1.874362998959415
 -2.201707322275291 -0.01809687164991999 -1.264501210643045
 -1.509738378263558 -0.1869895963303742 0.3181476654100462
 -1.530723312544516 -0.1394066629438025 -0.1560994890958241
 -0.5057974861863306 -0.8028159599694209 0.3542570427832195
 0.2796624792129764 -0.5387279833022494 -0.3705785286572081
 -0.1635404027302361 -0.5447676599254092 0.1686469305819044
 -1.07969958072923 1.863442920815398 3.005620475590265
 -1.800862288011365 2.1809831034017 0.5901775033867362
 -0.2153394523582541 2.017594642271946 -1.064390521358098
 0.3924526361576154 -0.5301710859024628 0.8570406663165892
 -0.8456514131336357 -0.4309767354238999 -1.505839928212767
 0.3448468484963659 1.586154589066686 -0.1318293999706975
 0.1860285386428362 1.614153995021352 0.809443033566409
 0.04768617111516897 1.498633915356156 -0.6495765871299953
 -0.997909998616611 -0.5500045783288425 0.2443643713550533
 -2.480083879273815 -0.008737216030406933 -0.5003900341352115
 -0.02735613177655372 -0.5711468568338351 -0.7964877330749265
 0.357974238800247 -0.7891163976768615 -0.7480561058147296
 -0.991521945970854 -0.52326378276249 0.3022144777857052
 -0.9177834859049498 -0.3109576272779101 0.7888775593506443
 -1.072751877241306 -0.381458759699528 0.4721538593403434
 -1.146110299752612 -0.6104228578150942 -1.122817266599772
 0.01863532702733332 -0.9385813064092233 -0.3549077980105311
 -0.9112237615343957 -0.4579848761375185 1.597809425381358
 -1.10466338792786 1.896931897713976 -0.1934777984827561
 -0.2925477933867341 1.887131082532663 -1.401365513750805
 -2.179281649205244 -0.1768271824911347 0.6187508234519169
 0.7295967572515402 -0.8534835999646592 0.6502096377344544
 0.1732236808090909 -0.8514222313566191 1.070123946374946
 -0.6837432598721278 -0.5241607944928769 -1.488492406546928
 -0.8208592776598033 -0.2906976678965174 0.942176586260193
 1.497167654997164 -1.224238028536401 -0.2115470629480966
 -0.1465710354719533 -0.93732269602091 0.5285145290959236
 0.5750084034697827 -0.9406426750172633 -0.7748221066510226
 -1.26330208449382 -0.3300532297816497 -0.7352140432510466
 -2.199169188146707 0.1071444622927162 0.05134502933501417
 -2.289153634466702 -0.07680068857927135 -0.4013301759189972
 -1.354189525105576 2.105180184279563 -0.09873604502460787
 0.516204145269378 -0.9575679627955158 1.278369308998577
 0.9563459363468432 1.525751002187222 -0.5958572311133201
 0.3190942136463093 -0.759135184018029 -0.7379304596235261
 -0.1695484178213951 -0.5881663981227481 -0.9975112202239236
 -1.525955611975417 2.253466043527485 -0.02424558394886656
 -0.5421026831066815 -0.3167152661470167 -0.9302426346228168
 -0.4935730901742115 -0.5589083817797686 0.8271835404196377
 0.5907026804444779 -0.7785776925729083 -0.4515836981868356
 -1.16654954797347 -0.136025225974296 -1.33299677594156
 -0.6320871294266759 -0.5006604170190043 -1.382917839876828
 -1.011789522466916 -0.2226341953476529 0.8431167280439789
 -1.450934120063153 -0.1700643085521218 -1.735043750239554
 0.180371808564044 -0.8579973210522394 -1.088642035944755
 1.186679163045057 -1.174814306322689 -0.4877681781935836
 0.2772960168091906 -0.8377373616708466 -0.935343009035206
 -1.606662586508705 -0.207249555711767 0.1648486385004976
 -0.4904465526612298 -0.2932148886731442 -0.8246680679527165
 -0.4608727518362301 -0.4585202892099789 -1.100182016177455
 0.869802618447194 -1.15213137967533 -0.8218393998697224
 -1.205637938957209 -0.2631541141104384 0.5365186742248815
 1.302767529227475 -1.074331960242239 -0.1609188319920793
 -1.370464263901898 -0.2785534463531113 0.3116329569561601
 -0.9655896978332277 -0.4329585431280664 -0.5746931408668633
 -1.858346820260406 -0.1409005457198028 -2.164563892394589
 0.03724777568520943 -0.6679329326532185 0.1758688060565391
 1.355004121494553 1.170837065419953 -0.788951675766934
 -0.9975299610620131 -0.5666625209598288 -0.8639436730201224
 0.5643903947522537 -0.8522249895763456 1.533631964840909
 -1.201407982885437 -0.3783125951177083 -1.829785503697702
 -1.350920068410028 -0.2149890022850401 -0.6231247681270601
 -0.7452573239259128 -0.4925593717878046 -1.502228990475449
 -1.251837763590897 -0.0528297663300249 1.954328543135724
 0.09275382464783544 -0.7429330935556296 -0.9765527608207683
 -0.21481649562109 -0.5849259800302682 -1.045235680463372
 -1.354389949372605 -0.1331464065397427 -0.4734366789548288
 -0.01658041611629607 1.865124587834791 0.5015243228778594
 0.5259191596951448 1.573192916696767 0.05906844098709613
 -0.3917015680723966 -0.4007602493773805 -0.3706722058292528
 -0.5871990891815793 -0.4872428924804979 -0.2268853352622037
 1.445540277093943 1.164356229234993 -0.6935027552880373
 -0.4252909359200714 -0.5804269515494749 -0.2095378135963656
 0.9440927877924932 -1.130251211247697 -0.692402603079898
 -0.007640264559887311 -0.681350457191725 -0.9801636985580855
 -0.3480825948915912 -0.4499633918101923 0.1274371787963421
 -0.6280655391847048 -0.772928999821249 -1.889832213824174
 1.118777046345515 -1.169953679183969 -0.5593548685527563
 0.1858281143758079 -0.6241725957979533 0.434742399636188
 -1.020335671686658 -0.3912742674876278 -1.638887662739908
 1.481122093010101 1.042449566895497 0.1971414472930523
 1.28308041455304 1.447966275360918 -0.3536239921787607
 1.568568405201513 1.101153383824849 -0.6660295874309957
 -0.5129089198362801 -0.4653627240528652 -0.09744853847237918
 -1.615940058295412 2.069520892655497 -0.4769207892028778
 1.105649656041634 1.205317307559579 0.05687183729127583
 -0.3697561344152144 1.756667522793381 -1.738340506143513
 -0.641393353755614 -0.6359846038970067 -1.648306141910363
 1.092293088928493 -1.069832931761445 0.6747790348749272
 0.8698313709894249 1.259963255569937 -1.198220525539563
 -1.002620194101248 1.881311985690403 -0.6402517851315854
 -0.4639992893492119 -0.7242137823166035 0.5516695921948993
 1.205843320982328 -1.094591919623632 -0.314217858901628
 -2.091835337013833 -0.1181233655617833 -0.2444202112721313
 -0.1730182987839712 -0.5063238023774506 -0.8478231310516923
 0.6388889299273536 -0.6732347193537384 -0.196321042344504
 -0.1498325506047286 -0.6983699984806379 -1.181187185707083
 -0.8133678064552559 -0.6448088464440594 0.2855741231406156
 -1.827166632140816 0.02611931737393219 0.341302728509022
 -1.723474333695315 0.05646212969069121 -0.5558561825259534
 -1.787734897707484 -0.1942878833418474 -0.02604920245729603
 0.2106629671739399 -0.7702560675608087 -0.3490065794053488
 0.3161760419631283 -0.867718575329679 -0.9454686552264093
 1.901662183511236 -1.361985182680369 0.01043488360405598
 -0.7034591270887942 -0.413957194134987 -1.304816441063769
 -0.3504490572953771 -0.7489727701787895 -0.4373273015816557
 -0.5316642876767222 1.849851581862358 -1.755688027809351
 0.710812636868867 -0.9503639292947029 -0.6316487259326773
 -0.4508431465030998 -0.6873901338148848 -0.440938239318973
 -1.295593632734972 1.964995370262841 -0.2925376566989705
 -0.5968853510651152 -0.6059091367275139 0.6160344070794372
 1.202373440019752 -1.012749323878334 -0.1645297697293967
 -2.399785694837356 0.05654169059456454 0.7952049134604414
 -0.8871122897404562 -0.2398743164174657 0.4202049715148741
 -0.8387543685327831 -0.3082993876242567 1.426549386957267
 -1.292495847764221 -0.1814057718758013 -1.568008139401484
 -0.03941487928317167 -0.3715817939382747 0.1029614588279141
 -2.802079409453143 0.04982558202191786 -0.2343882422529724
 -0.5968853510651152 -0.6059091367275139 0.6160344070794372
 -0.4241935405805772 -0.3440382401521958 -0.3026964532073974
 -1.093736811522263 -0.3338758263129561 -0.002093295165526976
 -2.843331920230163 0.3980381028233268 -0.1677331465005695
 -1.63238646881653 -0.1404446935512159 -0.817633546822171
 -1.253597370551185 -0.2550437158059654 -0.2594700222547161
 -2.029695965457452 -0.09658608964553068 -0.561053949018081
 -0.7529571609602611 -0.2955582950352372 1.013763276619366
 -2.120140070774541 0.1098027019463696 0.6890168569416371
 -0.8434933165596507 -0.2890774588502774 0.9183143561404687
 -1.212406029157564 -0.2732369670458045 1.586976612169406
 -2.253915162000137 0.1488287379331547 -1.01284949253803
 -1.83973437160253 0.129747828036202 -1.633787288327519
 -2.029052205895757 -0.08710412129553749 0.4272394926454193
 -0.2673756203583038 2.010752207429059 -0.0616570436530219
 -1.46193216633528 -0.06498868048021789 1.681718365627554
 -0.849673003375607 -0.1587081526216552 -0.9989255542654206
 -1.00502143226656 -0.2125513424122867 -0.2073412099005452
 -2.351979482909079 0.1785426064447208 2.158775613677949
 -1.348381934281445 -0.08974766834240396 0.692721471850999
 -1.672198240804461 0.09662044979555012 0.6580264285193228
 -2.338271630783571 0.02494026788949222 0.8089414973889621
 -3.137954463482777 0.4357587630554323 0.6303659063181922
 -0.748727204888489 -0.4107167760425071 -1.352540901303218
 -2.480083879273815 -0.008737216030406933 -0.5003900341352115
 -0.8659189896296973 -0.1303471480090627 -0.9649376779544929
 -1.647363388006329 -0.0494630219673054 -0.1257225505222138
 -1.270241846418972 -0.166368038291055 -0.4358378649065839
 -2.219093421193175 0.06023796085563138 2.094410798793411
 -0.4931930526196136 -0.5755663244107551 -0.2811245039555382
 -0.7452573239259128 -0.4925593717878046 -1.502228990475449
 -1.303113856481751 -0.09298808643488383 0.7404459320904474
 -1.401687169345787 -0.1592107701566083 1.037531829567045
 -3.131946448391618 0.4791575012527711 1.79652405712402
 -1.383240369193412 -0.3320350374858163 0.1959327440948565
 -0.6758857158950511 1.803527258864099 -0.3980185461970256
 -2.445605481916446 0.2502080957439918 1.104706737996108
 1.043383458441426 -0.8109818734977071 0.02566090420764844
 -1.853987909788136 -0.1434645318627958 -0.5480208172026149
 -1.256196674063166 -0.05026578018703189 0.3377854679437496
 -2.327481950341244 -0.2372454619773863 -0.7484308145029083
 -0.5676548936897101 -0.4236784484124266 -1.161643060345424
 -3.150558897049494 0.2085091274967663 1.26574745305695
 -0.4813486941620925 -0.3150008035901165 1.300110038056056
 -1.435239843088458 -0.007999326107766852 -1.411805341775367
 -0.325994242051843 -0.8783982993106586 -0.1127682362480163
 -1.721481885626831 -0.2451112348208991 0.495922412288023
 -1.34783022500205 -0.2801736553993512 0.3354951870758843
 -0.7834199912949543 -0.2095315041007068 -0.4769539395201015
 -1.872263038215714 -0.1444083089595489 1.044660027869635
 -2.013866920876157 -0.02097569108447325 -2.124061307629776
 -0.8312077511641333 -0.3751891502221948 -0.5218608763996377
 -1.095385916141153 -0.379838550653288 0.4482916292206193
 -1.956582812894144 0.06258136721772439 0.2559794542213286
 -2.095096852146608 0.1208293319784888 -1.954121926075137
 -0.9537453393757066 -0.1723930223074278 1.006541401144731
 -0.6651308112142518 -0.2535124207368722 -0.9577158024798583
 -1.143743837348826 -0.3114134794464969 -0.5580527862217737
 -0.4241935405805772 -0.3440382401521958 -0.3026964532073974
 -0.9135535298331778 -0.4261161082851801 -1.577426618571939
 -0.9663682250015224 -0.3559859275947621 0.3232591845455175
 -1.591685667318906 -0.2982312272956775 -0.5270623577994595
 -1.204877863848013 -0.2964699993724109 -1.680097414525471
 -0.5676548936897101 -0.4236784484124266 -1.161643060345424
 -2.382062275689174 0.2479114547482649 -0.4402496468366943
 -2.42880778638296 0.03142110407445198 0.7134925769100653
 -0.7281223081621292 -0.4416417667980926 0.230014297577829
 -0.3610303719079025 -0.3296769385169363 -0.7393447936650231
 0.3515861861544899 -0.8158571932432139 -0.8059062122453814
 1.127560313937289 1.567891129996247 -0.313121407413947
 -0.7905254017256076 -0.4893189536953247 -1.549953450714898
 -1.379562122401035 -0.256767531436139 -1.813145149052612
 -1.427239379928815 -0.2661739524220182 0.8061314038444377
 -2.219093421193175 0.06023796085563138 2.094410798793411
 -0.006199525770798742 -0.7924978346463679 0.4288411810310058
 -0.8717553329960592 -0.3475139306323626 -1.380014069160259
 -3.490069480547205 0.2328122631903654 0.9078140012610871
 -0.3334857132563905 -0.5242871207631165 0.543834226871561
 -0.4028285687450212 -0.4082791161697538 -0.9367573430767029
 -2.0668348357102 0.1792658037605739 0.3442064992255908
 -0.8794551700304073 -0.1505128538797952 1.135978197934556
 -0.01673812305902445 -0.6595645422747527 -3.104941804566859
 1.855842396432146 -1.168318777530942 0.3199367081397222
 -1.930858930586318 -0.0042234949428267 1.238461639543998
 -1.838673670368039 0.03525839321254534 0.883525635636748
 -1.189943661982514 -0.1010891316660835 0.8597570826890684
 -2.398136590218467 0.1025044149348963 0.3448199890742947
 -2.800810342388852 0.1124462489932359 0.4235348777360575
 -1.199801595590847 -0.04598733148713864 0.9515950654306479
 -0.5173105476328492 -0.1764361986196342 1.517773879850143
 -2.124118943692213 0.09570874545837629 -2.035834262625514
 -0.2206955563117514 -0.5157302233633299 1.771453421845358
 -1.224593731064679 -0.1862663990145212 -1.496421449042312
 -1.246338740454833 -0.1053675803659768 0.2459474852021701
 -2.218333346083979 0.02692207559365868 -0.1222052899569414
 -1.684594308541377 0.02648091603185887 -0.5659818287171569
 -1.010140417848026 -0.1766714710073211 0.3927318036578327
 -3.1047024158654 0.3457208685682749 -1.654225935054015
 -1.876284628457686 0.1278602738426959 1.551574401816981
 -1.82077857949506 0.05286011294028475 0.3991528349396739
 -1.020335671686658 -0.3912742674876278 -1.638887662739908
 -1.90530672000329 0.1027396873225832 1.469862065266605
 -1.879202800140866 0.01927688253104592 1.344036206214098
 -1.134437613019888 -0.1760892925684946 -0.2926644841882386
 -2.303413195871605 0.2672276370329046 1.305730225145104
 1.629538701538676 -0.8212385408476071 -2.529157156632819
 -1.415523975871791 -0.1182029264656566 -1.595481307258526
 -1.215287506735741 -0.05094221213651871 -1.231033147008777
 -2.146961348421861 -0.05978114729035854 -0.2003066887700001
 -2.136006019474034 0.1215057639279757 -0.3853033111226111
 -0.4877000527028459 -0.01086345293553326 -1.368211631949895
 -1.97225863780974 -0.1431403454979623 1.251404809095113
 -0.1730182987839712 -0.5063238023774506 -0.8478231310516923
 -2.413113509408266 0.1934860865188069 1.036730985374252
 -0.1733983363385693 -0.4896658597464643 0.2604849133234839
 -2.495440836018211 0.09890239818448993 1.299829006539922
 -2.143871505013883 -0.1249658004046696 0.7583132664329447
 -1.139403378935655 -0.2703207353181582 -0.2601734743677708
 -1.184107318616152 0.1160776509572163 1.274833473894835
 -1.154361846066355 -0.2229957940055795 1.750401285270158
 -0.9951634986582274 -0.2676531425912316 -0.2991791926421248
 -1.614699743773351 -0.2799530756184512 0.5573834564559923
 -2.75355583973997 0.4248731519003396 2.14433186272868
 -2.990091482577075 0.2264724458824323 -0.1259099048663033
 -1.348608752170345 -0.2032010398660468 1.233447512488265
 -0.7991569855939491 -0.08523394725482375 2.431573145530208
 -1.159058076768923 -0.4901364045218382 -1.989599239061137
 -1.401307131791189 -0.1758687127875946 -0.07077621480813073
 0.2187001244385865 -0.6975525476541244 -0.7415413973608435
 -1.311016246139798 -0.2521461902248656 -0.7532650170299392
 -1.402956236410078 -0.2218314371279264 0.3796087095780155
 -1.043729785695701 -0.3563381731794154 0.5538661958907196
 -1.59553558583608 -0.1997306889193937 0.7309337757479478
 -1.854539619067531 0.04696145519415156 -0.1907945324275004
 -3.377450995327363 0.415137205016113 1.384351436634823
 -2.190316599595569 0.01556190612343267 1.398185412643082
 -1.945964804176615 -0.02583631822319307 -2.052474617270603
 -1.884340237781431 0.09881348420734336 0.6254454564345044
 -2.499462426260183 0.3711709809867347 1.806743380487268
 -0.6454149439975854 -0.363716021094762 -1.141391767963017
 -2.100595875282672 0.1733671460144407 -0.2457408681415833
 -0.3856935529812375 -0.3573615111800418 0.7954859449765753
 -0.6912347310766753 -0.1700496159453347 -0.8318899434273511
 -1.868964828977935 -0.05248286027888531 0.1438901790973423
 -2.564231982227446 0.02448441572090528 -0.5379888481834562
 0.5233522730243307 -0.9641430524911359 -0.8803966733211228
 -0.2600845734207847 -0.5816855619377883 -1.09296014070282
 -0.9469772491753516 -0.1623101693720617 -0.04391653679979311
 0.01499377433996008 -0.682970666237965 -0.9563014684383613
 -0.632467166981274 -0.484002474388018 -0.274609795501652
 1.263887504073538 -1.044350746583406 -0.1507931858008759
 -1.50935834070896 -0.2036475389613605 -0.7901603789651296
 0.3127061610005522 -0.7858759795843816 -0.7957805660541779
 -0.3898807917287099 -0.5285655694630098 -0.06997537061533764
 0.1444099550932872 -0.7194327160817571 -0.8709781941506679
 1.959735119144675 1.100350625605122 -0.2025215689650324
 -0.6779069165057658 -0.3069940118695771 -1.073416015341162
 -0.7742794154715174 -0.5176799583079171 -1.583941327025825
 0.6823422546026577 -1.165910502871763 -1.070587347258168
 -1.234868396332614 -0.4453848024255255 2.314196141649743
 -0.1211904966137223 -0.6565914693295389 0.008833195218469619
 -0.5937588135521334 -0.3402156436208893 -1.035817201292917
 -2.71336403019744 0.1711500659225874 -0.4396361569879906
 -2.700587924905927 0.2246316570552923 -0.323935944126687
 -1.082781482574436 -0.152588915094622 -0.1870899175181384
 -1.080931953688518 2.131700400065015 -0.2627742079740635
 0.422406474537213 -0.7121344290702839 -0.5267813262833256
 -0.3540906099827503 -0.493362130007531 -1.038720972009486
 -1.559193694810725 -0.3549532365208623 -0.5950381104213147
 1.124613389711877 -0.9527868965606694 -0.1442784773469897
 -0.4898948433818346 -0.4836408757300914 -1.181894352727831
 -0.07647412809342265 -0.4694059003650716 0.4137839402330326
 -1.587498428571433 -0.1270271690127095 0.3383989577924532
 -1.52560432696305 -0.1752865343487681 -0.756172502654202
 -0.3411428329664389 -0.6136485833007871 -0.1719389995481206
 0.2796624792129764 -0.5387279833022494 -0.3705785286572081
 -0.5649450878363298 -0.4722051588957515 0.9052849392326965
 -0.09178836751351982 -0.6481288254404127 -1.017762512606331
 -1.554045956687029 2.021261527319439 -1.571492249649533
 -2.652058331973456 -0.01756145857745967 1.433490230915768
 -2.041999982912068 0.03318233199771858 -0.4395424798159457
 -2.07589579009114 0.1137382581348828 0.8567559198927611
 -0.8952554620694713 2.185971382804414 2.32260443087641
 -0.8669243346868916 -0.1668279039994014 0.473740688095154
 -0.8576732565220561 -0.318725133071003 2.030936790366017
 -0.1791610814817299 -0.4632679566914918 -0.1277355147816389
 0.7162689426806309 -0.7165392040404167 0.8917357096482653
 -0.450279008383902 -0.3042321656319901 1.141793169183081
 -0.8041227515097163 -0.1794653900044874 2.464064155350676
 -1.484811475183126 -0.1331651126862892 0.8799184128071247
 -0.476775394640726 -0.7776953734493084 0.4359693793335955
 -0.3881396368275205 -0.2826948897157375 0.8251594314371309
 -0.03137772201852501 -0.2988782740315905 -0.2895733591275805
 -0.7569727279829366 -0.6405303977441662 0.8993837206275143
 -0.9196963125309363 -0.3830602625992213 -0.8573390023018858
 -0.6217386559223461 -0.4161689346933268 0.08111962278300278
 -0.9173746958081209 2.084479065336371 -0.6958116106943719
 1.036472449058504 1.764797953238154 -0.05134404311772922
 -0.6611519382965801 -0.2394184642488788 1.767135317087292
 -1.052790740076641 -0.4218657188051065 1.06641561655789
 1.085733364557939 -0.922805682901837 -0.1341528311557864
 -0.7502842592250787 -0.2567715449758985 0.4433637495215437
 -1.54372623572493 -0.3063416256001504 0.2689263386801383
 0.6652381197377755 -0.6869008828929645 0.455790821303694
 1.383445751218531 -1.025710996248254 0.02636807122839702
 0.4849915403086209 1.617526078917586 0.3092232926016507
 -1.291833636143428 -0.2155805337971398 0.7389490655999877
 -1.082855080797637 -0.3961536007728942 -0.2139458806187822
 -1.443638585848604 -0.1077016336547966 1.407701283893275
 -1.241979829982564 -0.1079315665089698 1.862490560394144
 -1.705143849090441 -0.07356428402655096 1.807454262415711
 -0.8396064939242793 -0.4748914577692245 2.297645749269004
 -0.195333469512619 -0.1913422664006272 -0.06689167537006752
 -2.077011637489733 -0.07899372299106457 -0.3687492038341784
 -0.3706430355682375 -0.2047784970856802 0.1304309117772616
 1.628950298154276 -0.9616907000115955 0.4385406917175947
 -1.466272624748451 -0.1060814246085566 1.383839053773551
 -1.096428165316545 -0.3290058461009631 -0.7503575314056764
 -1.199176288088251 0.007151367134186432 0.6212247437561773
 -2.438354793382867 2.481100720208311 3.844214683358453
 0.7746931633264379 -0.682955973631178 -0.05314766162615869
 -0.6414545231390125 -0.3059653343354369 0.2647955882661618
 -0.3772107015015644 2.023465240798259 1.555589483652007
 -0.464550998628607 -0.5337877952596561 0.9088958769700138
 0.3667287538497899 -0.4633662237419117 -0.1254415190060799
 0.03298091549523979 -0.465460991103285 -0.09515454269682022
 -1.920755727029987 0.01047134613053968 1.924561379503124
 0.5435586801369939 -0.9347533703444031 0.4918028065971287
 0.05297080520213567 1.906226685036403 0.1227260888508856
 -0.4116442531779625 -0.4040100205431337 0.3537298002911725
 0.008046070852035125 1.561931014276961 1.57716514781156
 -1.210194914776147 2.038051135754178 -0.9156794859996671
 -1.391602417848554 -0.1008591988119103 0.4049678061881996
 -2.09071948961524 0.07460861556416404 0.9810849124548084
 0.7717749916432569 -0.7915393649428278 -0.260685857229042
 -1.277741259186292 2.268959629280818 2.454855036118452
 -3.133895969122608 0.07617671971052398 2.760779059046789
 -0.3788334124985823 -0.1473707028377352 1.090547733470666
 -1.322457627706592 2.08177406031635 2.049904291103889
 -1.436698823923451 -0.2713868251453914 1.108325105548813
 -2.350974137851884 0.2150233624350595 0.7200972476283021
 -1.801307982226391 -0.1271401286699164 -0.5624608532441904
 0.3781070476897088 -1.003291401208401 0.5972874110028783
 0.206242887318272 -0.4376728118562458 -0.05244792442079815
 -1.475750520802186 -0.06763756706059805 0.3673689921399547
 0.8785571334967368 -0.8263812057403801 -0.1992248130610728
 -0.8332553453967195 -0.3608372016602086 -0.2818316709762867
 -0.1423286505603786 -0.478897221788338 0.1021680444505089
 -2.453109381960797 0.03073531905169186 -0.1786484921614842
 -2.620535010417467 0.2201139224279526 0.1937212807682602
 0.3671456955225852 -0.5673376269155614 1.403577963294687
 0.6319491680022014 -0.5095495278631436 0.1030551359999587
 -0.06921549799707086 -0.3197297649250829 0.9192014476899188
 -0.7405243991183414 0.1054593849493899 -0.3727000297194537
 1.707262057741547 -1.212079114386208 0.06106311456007318
 -2.784092268297864 0.2673352571565977 0.6267586834885688
 0.5710155657700425 1.743720543030248 -0.644288858373517
 -1.545700231734315 -0.04842499135989202 0.535811507204133
 -1.740664495623201 -0.2816768912486248 -0.996291670341904
 -1.710998644515901 -0.247074336378519 0.07371410787197286
 0.9024602394608755 -0.7653807478153019 0.4825605370476811
 0.03445040682655953 1.835486266687339 0.9374692112224304
 0.9169142019135104 1.746158202903001 -0.228505300147002
 -1.014499328320296 -0.1741074848643281 -1.223811271534142
 1.421222357813679 -0.6748402357931913 0.7306949945874228
 -1.536394007405377 0.08689919551811048 0.801199809237668
 -1.990779036185316 -0.2138807638470265 2.066147931466658
 0.8746151646972626 -0.9277886227710369 -0.2867484059522805
 -1.330531689089436 2.09638400095233 -0.1948884176165592
 -1.379470072118735 -0.05685957602919842 -0.4676254226139973
 -0.4707306854445634 -0.4034184890310339 -1.008344033435876
 0.88841506710507 -0.8814830059193249 -0.2910627958026523
 -1.684802674371178 -0.1306291857631159 1.293407975258081
 -0.3110969443045414 -0.5957039710616677 -0.2102412657094201
 -0.01263844731682179 1.966532004865448 0.5890479157690671
 0.3521136301686842 -0.763577371281255 3.387296759831972
 0.1754472240303107 2.033449826683206 0.5074255414830419
 0.7520591244265905 -0.6813357645849381 -0.07700989174588302
 -1.706504966437032 -0.3360929064048097 -0.1959885840119343
 0.08019057246315209 2.015495861370813 1.222405353525318
 -0.5479390264730435 -0.5338820487703165 -1.345319025828583
 -0.7891827364381149 -0.1831336010457344 -0.8651743676252244
 -1.345336936554437 2.013597628110279 1.24810433828346
 -0.2032910053347685 -0.6377217861402129 -0.2687948242531265
 -1.848206712585877 -0.2135191651891 1.158863374240479
 -1.524807347735657 -0.2959158801534041 -0.3354610647286113
 0.3886638870238396 -0.7616898170877487 0.2019350696874715
 -1.344666783370871 -0.1017936228353901 1.320971105379473
 -2.648000047626482 0.04104810484123135 -1.683895706606877
 0.2461467095885027 -0.4748299997960714 -0.1825881733236773
 -0.3539189382579532 -0.6671301744334921 -0.2876392124094243
 0.4702126864654907 -0.5901335132201275 0.8367893739341823
 -1.787734897707484 -0.1942878833418474 -0.02604920245729603
 -0.1244335596873987 -0.4612955020605986 -0.3822047562465652
 0.836235979922454 1.697537238909016 -0.4157922033674785
 -2.260266310527697 0.03477448182413878 1.56662792770726
 -0.2582453450179994 -0.7531476122947492 0.5264004578490662
 0.1986042196673221 -0.5706910046652482 0.5504426124974918
 -1.285445583497671 -0.1888397382307873 0.7967991720306397
 1.965542709968807 -1.094577227016845 0.5889359479105747
 -1.179061931257887 -0.1633669061260215 0.6479044972358133
 -0.6174717957323765 -0.6186408762432603 0.3521429715363621
 -0.003606245478113283 -0.3800350847541277 0.4528796207717373
 0.5350249597570548 -0.5298094872445362 -0.05024389090959003
 -1.329046104619377 -0.1832933260693074 1.617353550743016
 -0.4030081820325909 1.846705417280538 0.5462513352286942
 0.2210665868423723 -0.3985431692855271 -0.1767769169828456
 -2.106548534196535 -0.001001782996893186 2.544092271066503
 -0.5957407511242911 1.9989174796437 1.465158405136537
 -0.7673272247065624 -0.1077811945586699 0.05664018790688077
 -0.414145483188348 -0.6165648150284334 1.675211086989056
 -2.138415199202119 0.1088589248496165 2.281697702013887
 0.1665210372559706 1.881467697174217 -0.8662708049256695
 -1.725840796099101 -0.242547248677906 -1.120620662903951
 0.1487791660486892 1.733754663291848 -0.9494800079665053
 -0.00659801538449542 -0.7321831617440497 0.2184854620682104
 -2.236136386674659 0.2092283112728599 1.707687237178748
 -1.129545445327322 -0.3254225354971031 -0.3520114571093503
 1.395698899772882 1.630291217186665 0.1229134431949749
 1.191038073517327 -1.177378292465682 1.128774896998391
 1.865900754307507 1.014906013109419 0.6027993593283638
 2.311993055391669 -1.282565554201039 0.6474932213619748
 1.345117435343989 -1.186155769646368 -0.3207325673555141
 0.3475279018075148 -0.8744667566619049 2.311479725277264
 0.3013707944981265 -0.9505049481717295 0.4975241006736096
 1.749060254578666 -1.13347693673339 0.2584756639717529
 1.839596410178055 -1.13995777291835 0.3539245844506498
 -0.1325258631161478 -0.8212204379168868 1.302137861946257
 0.8462368327133533 -0.9434272409411562 0.619832699160844
 1.6550542180167 -1.045153504803133 0.3127148326650875
 0.4678462240617048 -0.8891428915887247 0.2720248935561844
 -0.2991729644045232 -0.7088144500739306 0.7765553094636205
 0.894803119750827 -0.8547422103529725 -0.2332126893720005
 0.3063181083547951 -0.812616775150734 -0.8536306724848298
 -0.1339666019052365 -0.7100730604622439 -0.1068670176428341
 0.2572001120379262 -0.7108758186819705 0.3566410008231293
 -1.03805909083484 -0.5826440316413283 -0.4034331024427726
 -0.1335865643506384 -0.7267310030932302 -1.21517506201801
 -0.9462538681711592 -0.5265042008549699 0.3499389380251536
 -0.7549435858094491 -0.6112256160348206 -0.6593092481338082
 1.01747996284603 1.510807522113136 0.5261873971903769
 1.276111900085656 -0.8004431683937541 0.3221333118355425
 1.16294170558642 -0.7923421231625544 0.2028221612369214
 1.056740025554566 1.464168365823317 -0.5922462933760028
 0.6487468635356868 -0.7283365195326833 -0.2881590250860835
 0.7586476013393757 1.58373162180072 0.35554084861499
 -1.079139929887063 -0.4081995552658804 0.4143037529096916
 0.1763502183220728 -0.5857287382499946 -0.5817276619974087
 -1.156899980194938 -0.3482371279482157 0.4345550452920985
 -1.500260482209823 -0.2254334538783329 1.334617727043643
 -0.3579405284999245 -0.3948615916312473 0.2192751615379216
 -0.06970603789306756 -0.4593230474297053 -0.6366739977114917
 -0.4176050636677919 1.921029146233462 0.1298542871534756
 -0.9951634986582274 -0.2676531425912316 -0.2991791926421248
 -0.9431273306581773 -0.2608107077483454 -1.301912670347201
 -2.394286671701293 0.004003876558612618 -0.9131761444731124
 1.30331923850687 -1.264757947299186 -0.518145116767194
 1.325401568127322 -1.075952169288479 -0.1370566018723551
 0.519702778774185 1.372684076704453 0.7523000941565056
 1.192515506411419 -0.9576475236993892 -0.0726917869878172
 0.04071765664778558 -0.7497755283985159 0.02618071688430769
 0.1026117582561686 -0.7980348937345746 -1.068390743562348
 0.03470964155662659 -0.7931742665958548 -1.13997743392152
 -0.1540625066765008 -0.5832115174733677 1.185116992215501
 -1.703415123029054 -0.4012775595191206 0.7626313711910107
 -1.23537738828771 -0.5413213546588163 -0.5603430670896385
 -1.308398490568717 -0.5005808561151308 -0.03185674389043369
 -0.933477762879645 -0.473022609722265 0.4656391508864574
 0.5257187354281166 -0.6651336741225387 -0.3156321929431251
 -0.3053526512204794 -0.5784451438453084 -1.140684600942269
 -0.2916875164192718 -0.4456849431102989 0.7412467762832408
 -1.395636436930328 -0.4021745712495075 -1.028075513141623
 -0.626079114335517 -0.4572616788216655 -0.2167596890710002
 -0.7042192021979902 -0.3806413088730145 0.9117996476865826
 -0.8511504362696993 -0.378438921387948 0.2025411297207875
 -0.7491072424430871 -0.3940588334115209 -0.2442328569280417
 -2.483382088511593 -0.1006626647110705 0.4003798146370818
 -1.156139905085742 -0.3815530132101882 -1.782061043458254
 -0.9955435362128253 -0.2509951999602453 0.8091288517330512
 -0.176144836296953 -0.7720172954840752 0.8040284773206621
 -0.06259460424311826 -0.7967762833462613 -0.1849684164558928
 -0.3709249996212395 -0.6054532845589271 1.962964752651855
 -1.03970819545373 -0.62860675598166 0.04695182194337355
 0.534816593927254 -0.6869195890395109 1.809145913065648
 1.920303384711343 1.320757826320902 0.1648303620012858
 -0.2388992148727986 1.609058095494945 -0.2440123522667285
 -0.4316789885658286 -0.6071677471158273 -0.2673879200270174
 0.02100178943111913 -0.6395719280406261 0.2098566823674667
 -0.3386046988378559 -0.4884072493581509 1.143907240429939
 -1.159438114323521 -0.4734784618908519 -0.8812911946859607
 -0.8425615697256577 -0.496161388538211 -0.5472199730098217
 -0.988603774287673 -0.4146803914508402 0.5097526733885884
 -2.865070906401021 -0.1383037640393026 0.953341857804715
 0.01152389337738391 -0.6011280704926676 -0.80661337926613
 -0.9091946193609084 -0.4286800944281731 0.03911645662003532
 -1.310219266912404 -0.3727755360295016 -0.3325535791043485
 -0.7430992273519279 -0.3506600952141821 0.9219252938777861
 -1.806899055644755 -0.2745102700409049 -0.1995995217492518
 0.4510772810704505 1.741738735326082 0.2868579289723862
 -1.003200655922874 -0.3403566624979159 0.09335562531336988
 -1.279928108302508 -0.2850342825380711 0.407081877435057
 -1.923539131106568 -0.1845666290644078 -0.1692225831756413
 -0.6065349188436477 -0.3936972347535943 -1.151517414154221
 -2.059895073785047 0.01558061226997909 0.04483032088112815
 -0.9106720522550007 -0.6484108631944658 1.240583140606243
 -0.1860027699052862 -0.7169154953051303 0.8958664600622416
 0.6783206643606865 -0.893641920069518 -0.563672973310822
 -0.6351849143974266 1.645740725119638 -0.1074473571743143
 -0.3743948805838156 -0.5236106888136296 2.112652841824087
 -0.5119771730022868 -0.6724466537407988 -1.56298286762267
 -0.8493296599260125 -0.5062442414735772 0.5032379649347023
 -1.892187271262181 -0.1913148103966338 3.087725797328032
 -1.074400981860195 -0.4274214840398597 0.92253878372649
 -0.7622633852891991 -0.4308824819132396 0.7483749745858305
 -1.899084315863034 -0.3139921581962769 0.1553364821579981
 -0.09467778665446969 1.655382418493204 -1.601681833879054
 -1.10909376826666 -0.2262362120980593 1.798125745509606
 -0.5773124030310151 1.869749942585824 -0.6951044436736236
 -1.529074207925627 -0.09344393860347071 -0.6064844134819706
 -2.399785694837356 0.05654169059456454 0.7952049134604414
 -0.8871122897404562 -0.2398743164174657 0.4202049715148741
 -0.8387543685327831 -0.3082993876242567 1.426549386957267
 -1.292495847764221 -0.1814057718758013 -1.568008139401484
 -1.095937625420548 -0.1894125635963407 0.8055179139957338
 -0.03941487928317167 -0.3715817939382747 0.1029614588279141
 -0.9999024466850949 -0.2484312138172523 -0.807414223458923
 -2.802079409453143 0.04982558202191786 -0.2343882422529724
 -0.5968853510651152 -0.6059091367275139 0.6160344070794372
 -2.134185243130347 -0.006299556157653582 -0.08460647590869652
 -0.1840163450560985 -0.4012481743055468 2.568938984815416
 -0.4241935405805772 -0.3440382401521958 -0.3026964532073974
 -1.093736811522263 -0.3338758263129561 -0.002093295165526976
 -2.843331920230163 0.3980381028233268 -0.1677331465005695
 -1.63238646881653 -0.1404446935512159 -0.817633546822171
 -1.305480318885536 -0.391997464803481 0.1756814517124495
 -1.612290564045266 -0.267306236540092 -2.109617556680506
 -1.644782536553446 -0.2105842273149072 -2.041641804058651
 -1.253597370551185 -0.2550437158059654 -0.2594700222547161
 -2.029695965457452 -0.09658608964553068 -0.561053949018081
 -2.299943314909028 0.1853850412876072 1.156042135972873
 -0.5839008799438004 -0.3953174437998342 -1.127655184034497
 -0.7529571609602611 -0.2955582950352372 1.013763276619366
 -1.674564703208247 -0.2023889285730471 0.09326194814132494
 -2.120140070774541 0.1098027019463696 0.6890168569416371
 -0.8434933165596507 -0.2890774588502774 0.9183143561404687
 -1.212406029157564 -0.2732369670458045 1.586976612169406
 -2.253915162000137 0.1488287379331547 -1.01284949253803
 -1.83973437160253 0.129747828036202 -1.633787288327519
 -2.029052205895757 -0.08710412129553749 0.4272394926454193
 -0.2673756203583038 2.010752207429059 -0.0616570436530219
 -1.46193216633528 -0.06498868048021789 1.681718365627554
 -0.849673003375607 -0.1587081526216552 -0.9989255542654206
 -1.00502143226656 -0.2125513424122867 -0.2073412099005452
 -2.351979482909079 0.1785426064447208 2.158775613677949
 -1.348381934281445 -0.08974766834240396 0.692721471850999
 -1.672198240804461 0.09662044979555012 0.6580264285193228
 -2.338271630783571 0.02494026788949222 0.8089414973889621
 -3.137954463482777 0.4357587630554323 0.6303659063181922
 -0.748727204888489 -0.4107167760425071 -1.352540901303218
 -2.480083879273815 -0.008737216030406933 -0.5003900341352115
 -0.8659189896296973 -0.1303471480090627 -0.9649376779544929
 -1.647363388006329 -0.0494630219673054 -0.1257225505222138
 -1.270241846418972 -0.166368038291055 -0.4358378649065839
 -2.219093421193175 0.06023796085563138 2.094410798793411
 -0.4931930526196136 -0.5755663244107551 -0.2811245039555382
 -0.7452573239259128 -0.4925593717878046 -1.502228990475449
 -1.303113856481751 -0.09298808643488383 0.7404459320904474
 -1.401687169345787 -0.1592107701566083 1.037531829567045
 -3.131946448391618 0.4791575012527711 1.79652405712402
 -1.383240369193412 -0.3320350374858163 0.1959327440948565
 -0.6758857158950511 1.803527258864099 -0.3980185461970256
 -2.445605481916446 0.2502080957439918 1.104706737996108
 1.043383458441426 -0.8109818734977071 0.02566090420764844
 -1.853987909788136 -0.1434645318627958 -0.5480208172026149
 -1.256196674063166 -0.05026578018703189 0.3377854679437496
 -2.327481950341244 -0.2372454619773863 -0.7484308145029083
 -0.5676548936897101 -0.4236784484124266 -1.161643060345424
 -3.150558897049494 0.2085091274967663 1.26574745305695
 -0.4813486941620925 -0.3150008035901165 1.300110038056056
 -1.435239843088458 -0.007999326107766852 -1.411805341775367
 -0.325994242051843 -0.8783982993106586 -0.1127682362480163
 -1.721481885626831 -0.2451112348208991 0.495922412288023
 -1.34783022500205 -0.2801736553993512 0.3354951870758843
 -0.7834199912949543 -0.2095315041007068 -0.4769539395201015
 -1.872263038215714 -0.1444083089595489 1.044660027869635
 -2.013866920876157 -0.02097569108447325 -2.124061307629776
 -0.8312077511641333 -0.3751891502221948 -0.5218608763996377
 -1.095385916141153 -0.379838550653288 0.4482916292206193
 -1.956582812894144 0.06258136721772439 0.2559794542213286
 -2.095096852146608 0.1208293319784888 -1.954121926075137
 -0.9537453393757066 -0.1723930223074278 1.006541401144731
 -0.6651308112142518 -0.2535124207368722 -0.9577158024798583
 -1.143743837348826 -0.3114134794464969 -0.5580527862217737
 -0.4241935405805772 -0.3440382401521958 -0.3026964532073974
 -0.9135535298331778 -0.4261161082851801 -1.577426618571939
 -0.9663682250015224 -0.3559859275947621 0.3232591845455175
 -1.591685667318906 -0.2982312272956775 -0.5270623577994595
 -1.204877863848013 -0.2964699993724109 -1.680097414525471
 -0.5676548936897101 -0.4236784484124266 -1.161643060345424
 -2.382062275689174 0.2479114547482649 -0.4402496468366943
 -2.42880778638296 0.03142110407445198 0.7134925769100653
 -0.7281223081621292 -0.4416417667980926 0.230014297577829
 -0.3610303719079025 -0.3296769385169363 -0.7393447936650231
 0.3515861861544899 -0.8158571932432139 -0.8059062122453814
 1.127560313937289 1.567891129996247 -0.313121407413947
 -0.7905254017256076 -0.4893189536953247 -1.549953450714898
 -1.379562122401035 -0.256767531436139 -1.813145149052612
 1.087221307948358 1.334484844617455 2.217134686101436
 1.386915632181108 -1.107553591993551 -0.1233200179438344
 1.128083270674453 -1.034629492305967 -0.2939665665192212
 1.337288643909143 -1.101749187758078 -1.787587553375257
 -0.2487859010233629 -0.7479347395713761 0.2242067561446914
 0.6215455483337688 -0.8812624261384251 -0.06917452642254443
 1.713613206269107 -1.098024858277192 -2.518414305685218
 0.1542678887016205 -0.774534516260702 -0.9628161768922474
 -0.161474356438551 -0.6027763387587272 1.247281488496525
 0.2738261358466145 -0.7558947659255492 -0.7856549198629745
 -0.2617336780396742 -0.6276482862781201 -0.6425752163166739
 0.07572931122545037 -0.6375994734097329 -0.04461255909745974
 -0.7255414567092464 -0.6027629721456944 -1.685904955958608
 1.363956701890765 -0.8020540243667207 -0.33068200392571
 -1.449830701504363 -0.5509162826660163 -2.449496319789783
 -0.1533024315673048 -0.6165274027353405 -1.031499096534851
 -0.570953102927489 -0.5156038970930903 -0.2608732115731313
 -0.7806674681172745 -0.5444207538742697 -1.641791433456477
 -0.3279866901203268 -0.5768249347990685 -1.164546831061993
 -0.21481649562109 -0.5849259800302682 -1.045235680463372
 -0.3382246612832581 -0.5050651919891372 0.03559919605476265
 0.5158608018197834 -0.6100318739435937 -0.2237942102015456
 -0.2916875164192718 -0.4456849431102989 0.7412467762832408
 0.4080548628500106 -0.5680140588650484 -0.1652406516578392
 -1.175304063023013 -0.4617753999092458 -1.955611362750209
 0.02852995474067055 -0.6628049603672326 -3.05721734432741
 -0.7965334168167666 -0.5327176918926635 -2.716111601520726
 0.2343944014132817 -0.5354875652097695 -0.4183029888966565
 -1.20997839737038 -0.3042468582387771 0.2386393623708787
 -0.8599845727617392 -0.3305130954899962 0.1743645097506913
 -0.9135535298331778 -0.4261161082851801 -1.577426618571939
 0.6183945355423924 -0.4860585034625441 0.8853072485510358
 -1.437986343046842 -0.2903507618453777 -0.8682617777781884
 -0.5426174882678794 -0.2136027396327329 2.064311176828241
 -0.6970710744430373 -0.3872163985686345 -1.246966334633118
 -1.159989823602916 -0.2830524748339045 -0.524064909910846
 -0.9180472079120471 -0.3370975382588896 -1.307723926688032
 -2.167014535868826 -0.2192821435917204 -2.140088172426161
 -0.1741953155659628 -0.3690365139418282 -0.1602265246021067
 -1.627647520789663 -0.1596666223251952 -0.3093985160053729
 -1.046439591549081 -0.3078114626960905 -1.513061803687401
 -2.837489553644505 -0.00203580006454715 -0.3739506852340004
 -1.70066862307067 -0.1189261237815098 0.2190878071938321
 0.3864733736086874 1.838524811145465 -0.6854986101590793
 -0.08123152817938883 -0.4065272413197605 -1.413114853921737
 -1.744667633806074 -0.05306503871771182 0.8292864669434135
 -2.644910204218503 -0.02413654827307986 -0.7252757514039326
 -1.099407506383124 -0.1075699678510433 0.9552060031679652
 -1.773199185455681 0.06140765726679806 2.303449575794448
 -0.2673756203583038 2.010752207429059 -0.0616570436530219
 -1.629069807519653 -0.09217597514188408 -0.3997396322564926
 -2.211945293438222 0.05366287116001119 -0.06435518352628944
 -1.137527456427866 -0.1109046394541834 -1.251284439391184
 -0.9727011314831773 -0.0955053072115105 -1.026398722122462
 -1.348933643560841 0.1006783187145434 1.049947756626114
 -0.7881301867795909 2.221785059918539 -1.36157009600674
 -2.040504097958877 0.2092563704926796 -0.3223454004641824


