 -1.21564909223124 -0.07794099977686422 1.195938660704371
 0.6656735134696696 -0.8345290163379462 3.303474066942433
 1.686569598009917 1.27373836522661 1.307036320423039
 0.5430805690808002 -0.5007626976091837 0.875885054472887
 0.8689732223786331 1.710611870936142 0.2941697667113715
 -0.01228716230445495 -0.4622205730108052 -0.1428790029362686
 0.3801037730220289 1.768127285307781 0.5753150467482403
 1.538414142554887 -0.9552098638266358 0.3430917712386977
 0.5658678276463458 -0.6324942208100529 0.3321652808547012
 0.02069535009972229 -0.3793492997313676 1.345020689843287
 0.07352849732716574 -0.4931362106931174 0.7629986500638013
 1.064550364930313 1.423418514206358 -0.4440550706942312
 0.9078244949903397 -0.7314639779679563 0.6604252461900085
 -1.18150801510417 -0.0887002846617173 0.6775779836963693
 0.5996576197610489 1.785499072181347 0.5457315225520352
 0.7234827270960125 1.601666880966566 0.9939161283346676
 1.288916757919402 1.665133057984217 0.06145239902700561
 -1.719558758517712 2.282742766017011 0.4470940849327416
 0.8602820050691591 -0.8273249828371332 1.393456032011178
 -0.6963065120568113 2.234268160433566 0.7104657077991579
 0.112635340370003 -0.4096640528283068 0.2121469632353318
 1.48905087629002 -0.9232655486101834 0.7754257218459517
 1.774612465161694 -1.02651375446798 0.4898760896943604
 -0.7850690959138439 -0.2554942284410386 -0.02656901513395503
 1.249554344445434 -0.9438871066495026 1.529411252162582
 0.07772603655777049 2.133819213106449 -0.0665849233520977
 -0.4871114393052534 -0.2886029005351439 0.9118896099509336
 -0.301637500309905 -0.5904910983382945 -0.512434967413795
 0.1484727267172924 1.993977291601107 0.1856839995093146
 -0.04602974981782831 -0.5117759610282702 0.5858373930345284
 2.244119691234358 1.134389708182948 0.1995254053329618
 -0.6854719859335145 -0.1964475190003072 -0.4436695153222283
 1.877924726052598 -0.9795129995202349 0.7010252230345608
 0.2164993105403019 -0.5530892849375089 0.06606981180041765
 -0.6267044218381133 -0.5104003774429904 0.1136106326034706
 1.107390810942823 1.451187987306851 0.9520066393437444
 1.489704936334847 1.541967785256408 0.06867427450164043
 0.001531192162451012 -0.459571686430425 1.171470370551331
 -0.05523362338133406 2.008559173017266 -0.02907607156820328
 0.01266849331820813 2.003698545878547 0.04251061879096937
 0.3461159155606572 1.648775256038005 0.5260937200183322
 1.358212408806703 -0.81931285158308 0.5997613313071385
 -0.4777071414747193 -0.5706114437613747 1.901503708483886
 0.7549324504288013 1.595777576293706 -0.2727087849134838
 2.049690812922439 -1.127798858768157 0.6265347619588193
 0.9310838413927833 -0.6799454883928713 0.3539171546352617
 1.696852414853819 -0.9665513271503153 0.5101273820767671
 0.9690932890961264 -0.8328620419253399 -0.1037758925821759
 0.3063468608970262 1.599477860094532 -1.23001179815467
 1.324878611390159 1.526568453013735 -0.156211442767081
 0.9674729370194678 1.533269868979595 -0.02977209386586988
 -0.4980116220889783 -0.1826683958038743 -0.1949215679337828
 -1.013211809196906 -0.1551435481643417 0.7527756117928593
 1.940264521876008 1.280350867215323 0.7590921192188319
 0.9813464376504764 1.823140171509579 -0.007230520615598146
 0.3364560472989926 -0.5947642075046741 0.4535867877924858
 1.586600392037763 -0.8498668906074657 0.5983544270810295
 1.748508545299271 -0.9430509496764427 0.6157019487468676
 2.176188821992585 -1.272844299923599 0.5043198406436296
 1.056188316275171 1.654594352880264 -0.2350200086008881
 -0.4613957085733942 2.144000333092235 -1.119336857072181
 0.5384948407196308 -0.6116520829898336 -0.1999319800818213
 1.431080291422012 -0.7299420359721362 0.6388570118458432
 0.7949607398224994 -0.9835855610460151 -0.5940499118844323
 0.496144934603117 -0.4998282735857039 -0.04011824471838643
 2.281994371331102 1.067927738533777 1.628078125191405
 -0.1267079718088846 -0.5603969250222552 0.3985504898140521
 1.878750457822222 1.311952289920395 0.7453555352903112
 1.470512025855345 -0.9503492366879159 0.2715050808795252
 0.8391541516056351 1.806120630220666 -0.2082540077645952
 0.1496209909570529 -0.5554046320797822 -0.1255314812704305
 0.6777689550812913 -0.7032159330125707 -0.2064466885357075
 3.117512231457237 -1.476217266743679 1.241145203638511
 1.402058199876407 -0.7550626224922488 0.5571446752954672
 1.96060569659527 1.223285965478758 0.2450458320612021
 0.5763982733586053 1.733980582606262 0.8522396141067818
 -0.1616275761042495 -0.4726650246040979 1.814863492234434
 0.4119968316494846 -0.4666066418343916 -0.07771705876663149
 1.295276058022928 -0.7202207816946966 0.4956836311274979
 -0.03058074279113154 -0.4195076198362265 0.1311380787980101
 1.858760568115327 -1.059735386219292 0.5274749037426054
 1.40899796180156 -0.9187478139828436 0.2577684969510045
 0.894280163013663 1.747778411949241 -0.2523675302667263
 0.6039693256319888 -0.5855028189355809 1.219991960075879
 0.8636885882916662 1.303019101255895 -0.4781329092695095
 -0.2769882840186389 2.135650648860315 0.8081186617892628
 -0.8987909996924759 -0.05696719615289154 0.2113461190425385
 1.030607353149911 -0.8644634646304121 -0.09003930865365517
 0.4774264708808721 1.728072571786855 0.9389697926205844
 -0.3057039362328464 1.850307434030944 -0.408757682236933
 1.337625964139442 -0.8320445910988263 0.3358698957640632
 0.6255611153564443 -0.536290323429496 0.04520502956930683
 0.9557654745252169 -0.6959176460010975 0.1377501793316348
 1.240730508436526 1.559790084765047 -0.1938102568153259
 1.319042268023797 1.309401670390435 -0.5712878339728474
 -0.4185228457197163 -0.5703440986141087 -1.25999575154089
 0.1478474192146961 1.940838592979782 0.5160543211837854
 0.4115247438125867 -0.6498566546103458 -0.3149287408300706
 0.471408155306581 -0.7710775319270817 1.467856530822568
 0.9847875660708214 -0.670797059480985 0.2194625158820109
 1.404277465833791 -0.943182615480196 1.068197229472178
 -1.962308653919107 0.001665809730033385 2.505086552792149
 1.139784709949408 1.811798708185899 0.1598050902224714
 1.766422088231349 -0.969105960220035 1.449992911387765
 0.9429893692337028 -0.7493992371338025 0.02204996647033108
 -1.310742223649568 2.229745086272712 -0.3517084199990744
 -0.9963589674993177 -0.08670912388427744 -0.9302463495305109
 1.543335062789684 1.307551528490022 -0.09263632735225419
 1.045478257275342 1.543104082914242 0.7279143364524285
 1.486786764651666 1.433384393944758 -0.1388639211012428
 0.5124196733994385 1.88390535704697 -0.4504872466991545
 0.6461475600237054 -0.5235585839137497 0.3090964651123821
 -0.05547889332933231 1.938762531764955 -0.8070137942689086
 1.328319739810504 -0.9673687779768289 0.0704815937305282
 0.4543467377659984 -0.5784304512385214 -0.2375307941300663
 2.535444025249193 1.004743599270179 0.3021962012864934
 0.6839486418972476 -0.8335852392411929 1.710793221870182
 -0.3282746773926248 -0.3602590367611416 1.289280939751798
 2.027085526564822 1.28591598552335 0.2262914061692548
 1.574404748567875 1.318320166448149 -0.2509531962252293
 -1.137707069715435 2.144079893996108 0.2317242389142137
 0.8194095318467375 -0.4957704046667105 0.3518030833884042
 2.334655846833748 1.127908871997988 0.2949743258118587
 1.421802819635305 1.546828412395128 -0.002912415857532213
 2.616122247240249 1.053364563264164 0.4894831045069696
 2.893891948795276 0.9472094787519941 1.374406013011578
 0.6285589084821225 -0.8013829319507476 -0.3416947416663636
 0.735290181435336 1.949545862329868 -0.06217685632968117
 1.543807150626582 1.490801541265976 0.1445753547111847
 -0.9422280006653514 2.274219267370557 -1.230726394990807
 1.331266664035915 1.553309248580087 -0.09836133633642907
 1.616202945404994 1.396922344100966 -0.05354064681354953
 1.412467842764136 -1.000590409728141 0.108080407778773
 1.270275556719294 -1.017609951017054 -0.09294307937022406
 2.130949496735122 1.142490753414148 0.08021425473434074
 1.638836984304841 1.395302135054726 -0.02967841669382532
 -0.5542983265765696 1.851471790908598 -1.779550257929076
 -0.3157622941082078 -0.3329173566094162 -0.6916203334255747
 -1.019446642176964 -0.3119956578853235 0.1273435016242975
 -1.323565533542412 -0.1921744098339276 -1.409691270528509
 1.102253373302259 1.530724588983148 0.2334158895641508
 1.225498018815597 -0.8747762504199516 1.415207905791738
 2.29577582167981 1.15789008565682 0.305099972003062
 -0.08260661030804911 2.029401310837486 -0.5611733325047259
 -1.59505319751605 2.439270689373158 -0.7268994311964248
 -0.7399726898389463 -0.08496660210755745 -0.7299263144945682
 1.490655135227939 1.291227125297143 -0.0781962913106789
 0.7266277166680932 1.823703643801859 0.6607282833002844
 1.447877986955497 -0.948729027641676 0.2476428507598009
 1.140859375965967 -0.9811479011732618 -0.1782663536579174
 -1.671799751190764 0.03630577689323199 0.8683821474821181
 -1.315235901728437 2.318763656299002 -0.08200572811516738
 -0.3770310882139944 -0.2315192926520327 0.07258080534660971
 0.3441234674921736 1.950348620549594 -0.5256848747956445
 2.00500319694437 1.097110207512642 -0.1547971087255839
 0.08316991352973163 1.794059983120893 -0.4831581810483239
 1.489676183792616 -0.8701268499888585 0.4450554001714808
 2.1146747579388 -1.241242877218526 0.4905832567151089
 -0.1643373819576296 -0.4241383141207731 -0.2520645073436862
 0.5739049849109925 -0.5597907009033686 -0.0603695371007934
 0.7097092183100766 -0.5695119551808082 0.08280384361755178
 0.7821522176898179 1.705046752628116 0.8269704797609485
 1.926662684814869 -1.064596013358012 0.5990615941017778
 1.907498526877597 -1.14481840005707 0.4255112748098224
 1.76183635987018 -1.079995345600685 0.3741758768330565
 0.2714596734428287 -1.054904144294146 -1.350419400240972
 1.77808234612427 -1.108356350213277 0.3401880005221291
 2.043331512818913 1.257554980910757 0.1923035298583272
 0.2216182961217675 -0.5889691563424745 -0.5340032017579602
 0.7270873756651883 1.433369701337971 -1.042017727913445
 1.901690936053466 1.050109452564897 -0.3659462420657845
 1.212231373628085 -1.067851124057279 -0.2563677524709762
 1.480950421285304 1.216217611321458 -0.5539403123070094
 0.3426460345980811 1.730617851783302 0.6757818091905635
 2.053189446427246 1.202453180731812 0.1004655471167478
 1.532606551730756 1.239717988795331 -0.448365745636909
 0.3738401874997392 -0.8008194596584676 0.3262640622495189
 1.661471023204688 1.393681926008486 -0.005816186574101101
 0.9922790372753688 -1.024908238028527 -0.4371399472375664
 2.143696849484404 -1.216122290698414 0.572295593265485
 -1.784645054299506 -0.2594725364561586 0.932570752745649
 -0.1985705093669996 -0.6132869846428606 -1.0792235567743
 0.5779553276951948 1.580035351539653 -0.9436650367179797
 0.4740626049826648 -0.6886340515964112 -0.4212067596132253
 1.804215018528925 1.220275480240452 -0.1620189842002185
 1.869170211003055 -1.305263173455185 0.07841063622591116
 1.655634679838326 1.176515143385186 -0.4208925777798675
 0.4905090155037833 1.521331534610302 -0.08049400199393179
 0.5843433803409519 1.606776147106006 -0.8858149302873279
 1.978870524539716 -1.231521622941087 0.3474098759967637
 0.9783995134250644 -0.6975378550473375 0.1616124094513591
 -1.046819629103679 -0.2911535200651042 -0.4047537593122251
 1.855842396432146 -1.168318777530942 0.3199367081397222
 1.101427641532635 -0.7607407004574821 0.1890855773084006
 1.81658233372361 -1.121679621241124 1.438370398706102
 0.3225640946088855 -0.8409777797633264 -0.8876185487957575
 1.836706991037105 1.163553471015267 -0.2299947368220739
 0.2393337737071774 1.683617096835557 0.464632675850363
 1.674247128496202 1.447163517141191 0.1098840262872027
 -0.4223727642368905 -0.4718435602378249 -0.001999617993482319
 1.253477861185809 -0.7988229593475141 0.2982710817158182
 0.8205129504055279 -0.8766223787806051 -0.362649486161825
 1.169910220053803 1.456067320592117 -0.4729351427773818
 1.630082469255298 1.069551961119776 -0.652293003502475
 1.454846501422881 1.299680416112996 -0.4281144532545021
 2.525557339098629 -1.352249235796143 0.7704153096979132
 1.470512025855345 -0.9503492366879159 0.2715050808795252
 0.6783206643606865 -0.893641920069518 -0.563672973310822
 0.8599734373810918 1.315065055748881 -1.106382542797983
 0.125245797156016 -0.7996551027808145 -1.044528513442623
 2.205791375359816 0.973944934784833 -0.1475752332509493
 0.2541102686299481 -0.6456911655676594 -0.6019789543798155
 0.5675169322652354 -0.5865314964697211 -0.1182196435314453
 0.4932267629199361 -0.6084116648973538 -0.2476564403212697
 0.8652293189258274 -0.6894368098161378 0.04230125885273817
 -0.008371587126852154 1.764060063315514 0.8600712645224262
 -0.7956443873070733 -0.4534390822903591 -0.9498804371565198
 1.099061179128848 -1.059750078826079 -0.3756789030695972
 1.114784208645775 1.514409538863542 -0.4288216202752506
 2.638756286140097 1.051744354217924 0.5133453346266938
 0.8077368451140137 -0.9301039699133102 -0.4783496990231286
 1.551741957125796 -1.092154259750878 0.1015656993248869
 0.05332209021450263 -0.52252589283985 -0.6092008298544501
 1.066569206620668 -1.003028069600894 -0.3077031504477419
 -0.5444691455104674 -0.6157246445156139 -1.495007115000815
 -0.00819197383928244 -0.4909244701347777 -0.622937413782971
 0.5007469866667146 1.449571791800371 -1.280640029110688
 2.040384588593501 -1.263123045646159 0.3611464599252845
 0.3092362800379761 -0.7040333838390842 -0.6460924768819466
 0.3295038565340376 -1.004662971253921 -1.18699472714022
 -0.3219499224869367 1.878668438643537 -0.3747698059260055
 0.2674380832008574 -0.7826355614919017 -0.8435050262936263
 1.386915632181108 -1.107553591993551 -0.1233200179438344
 1.005083895109114 1.440667988349444 -0.6978208600461031
 2.997982736854475 0.917237618166435 0.6876028209393981
 0.9110778585471484 1.528991420279701 -0.6435816913527685
 0.6684627307523532 -0.8385401198905731 -0.4718349905692425
 0.1566343511054062 -0.4755251378921047 -0.3980516965142497
 -0.5026709486733487 -0.5371224668627964 -1.297594565589135
 3.172666995407496 0.8775351502301629 0.8206505554665398
 1.046122016837037 1.552586051264234 1.716207778115929
 0.8106837693394258 1.590574056643606 -0.6471926290900858
 0.4917493300258437 -0.8281424336636466 0.9538102436649383
 0.9342348541841599 -1.075149411068752 -0.6005646203383185
 -0.5355142061938963 1.948352120238641 -0.4976918942619438
 2.27952983542572 1.186251090269413 0.3390878483139899
 0.5773748658735686 -0.6416332966486661 -0.2100576262730248
 0.9179888679300696 -1.04678840645616 -0.5665767440273908
 1.254029570465204 -0.9892489464044615 -0.05895520305929636
 2.302163874325567 1.184630881223173 0.362950078433714
 0.8750872525341606 -0.7445386099950827 -0.04953672388884156
 1.263887504073538 -1.044350746583406 -0.1507931858008759
 0.1148361542682877 -0.5541273155449223 -0.5954642459259294
 1.428713829018226 -1.028951414340733 0.07409253146784534
 -0.5129089198362801 -0.4653627240528652 -0.09744853847237918
 1.376505989293379 -0.8620258047576588 0.3257442495728597
 1.140859375965967 -0.9811479011732618 -0.1782663536579174
 0.04748574684814066 -0.7396926754631498 -1.024277221060217
 -0.9750675938869628 -0.3945146855801077 -1.59116320250046
 0.3829747401038801 -0.4917272283545041 -0.1594293953170076
 2.166882597663647 -1.408168486801601 0.2389315386100945
 0.7358131381725003 -0.6529747599723457 -0.04302201543495532
 1.208209783386114 -0.7955825412550342 0.2505466214763697
 0.09512028705162123 -0.4439237151870324 -0.4117882804427704
 1.448429696234893 -1.139155014698623 -0.1095834340153137
 0.1710943367773371 1.418773127315025 -1.73041146364813
 0.5872327994819018 -0.6967350968276109 -0.3018956090146043
 0.2055439815924743 -0.734376196155843 0.251066434153029
 0.5843433803409519 1.606776147106006 -0.8858149302873279
 -0.748727204888489 -0.4107167760425071 -1.352540901303218
 -0.08519989060073448 1.616938560945245 -0.5852117722454574
 0.2157819527554055 -0.8061359389657743 -0.9490795929637267
 -0.1208104590591242 -0.6732494119605253 -1.099474849156707
 0.9981153806417308 -0.8077414554052272 -0.02206355603179999
 2.515728158032527 1.114947199628069 0.4858721667696522
 -0.2246456766871919 1.882270455393943 -1.329778823391633
 -0.16007052176766 -0.6266102556707066 0.01895884140967306
 0.8239828313681039 -0.9584649745259026 -0.5123375753340563
 -0.7874068057753985 1.857591028435631 -0.9677146211817933
 0.833289055697042 -0.8231407876479002 -0.2469492733005212
 0.894803119750827 -0.8547422103529725 -0.2332126893720005
 1.050323220366578 -0.974667064988302 -0.2737152741368142
 2.451847631574956 0.8475392439645437 -0.09262889753686621
 -0.8520394657793928 -0.4577175309902524 -1.563690034643418
 0.422406474537213 -0.7121344290702839 -0.5267813262833256
 2.250478991337884 -1.250964131495966 0.633756637433454
 2.794247634213617 -1.480275135662672 0.8492238755317205
 -0.681205125743545 -0.3989194605502407 -0.1726461665688691
 1.230872574828193 1.614891884943992 -0.1019722740737464
 2.966042473625689 0.7835336403346727 0.3983522887861386
 0.1084481016225306 -0.5808681111112748 -0.6533143523565812
 0.3411765432667615 -0.5703294060073217 -0.3568419447286874
 0.8402575701644253 1.425268656106771 -0.9227065773148244
 2.486677313944692 -1.32226802213731 0.7805409558891168
 0.04693403756874553 -0.5492666884062025 -0.667050936285102
 0.2378642823758578 -0.617330160955067 -0.5679910780688878
 1.6550542180167 -1.045153504803133 0.3127148326650875
 2.852320569847056 0.9820606726228196 0.6362674229626322
 1.629502007433672 -1.152116687068543 0.08131440694248004
 1.648666165370943 -1.071894300369485 0.2548647262344357
 1.545934366301666 1.102773592871089 -0.6898918175507199
 1.021301128820973 -0.9997876515084145 -0.3554276106871903
 0.8106837693394258 1.590574056643606 -0.6471926290900858
 1.088823207965917 -0.9879903360161479 0.8244671240471585
 0.4543467377659984 -0.5784304512385214 -0.2375307941300663
 0.9893896181344188 1.278603005905089 -1.02105926851029
 -0.8173893966972271 -0.3725402636418148 0.7924884970879615
 -0.8200992025506073 -0.3240135531584899 -1.274439502490159
 -0.5070725764699181 -0.2481959414295654 0.3176278527333873
 0.6458574443947369 1.575174724400933 -0.8720783463588071
 0.9755100942841145 1.605973388886279 -0.4223069118213646
 2.00789261608532 -1.206401036420974 0.4291222125471397
 0.3110858089238936 1.580255931320553 -0.7217767673378719
 1.088680288783352 1.597872343655079 -0.3029957612227435
 1.234313703248538 -0.8790453460465716 0.1247207624238628
 0.302496942379852 1.697978398470816 0.0279843353927373
 0.9685415798167312 -0.6424360548683925 0.2534503921929386
 1.632971888396248 -1.23395928281384 -0.06837368222975138
 0.7299767948061384 -0.8701415425956454 -0.4580984066407218
 2.729844151018882 0.854837530976017 0.2515679703304762
 -0.02096807913079662 -0.5444060612674827 -0.7386376266442747
 -1.036581657940748 -0.3629132628750354 -1.604899786428981
 -0.06106996674769599 1.791392390393966 -0.4441524627739697
 1.150194352837136 1.566270920950007 -0.2892591772942228
 -0.3059043604998746 -0.3880191567883611 -0.7834583161671542
 0.5220692411779708 1.671693455073051 1.317064574534503
 1.201850483282588 1.58977129842388 -0.1836846106241226
 1.593540153962915 -1.013552082098061 0.2989782487365668
 0.5425451835038331 1.528173969453188 -1.083227479699008
 2.188964927284099 -1.219362708790894 0.6200200535049332
 -0.01111014552246342 -0.5995078614464276 -0.8304756093858541
 0.2566771553007621 1.891644803620243 0.3374861599284034
 1.179768153662136 1.400965520413172 -0.5647731255189613
 2.350901833087838 1.099547867385396 0.2609864495009311
 1.017831247858397 -0.9179450557631171 -0.205739521514959
 0.9952259615007808 1.495769788528389 -0.6059828773045236
 -0.8160776123086362 -0.5962821359607346 -1.781353876437505
 1.415586438714345 1.346319572402814 0.6903192373118774
 1.172799639194753 -0.8474439233414993 0.110984178495342
 -0.2728606787122987 -0.6351671530704932 -1.208660353564124
 0.7717749916432569 -0.7915393649428278 -0.260685857229042
 1.693962995712869 1.336959916783301 -0.07379193919595639
 2.843014345518118 0.8467364857448173 0.3708791209290971
 1.137969956825017 1.322363342760355 -0.762185674930641
 1.046301630124606 -0.7023984821860573 0.2331990998105317
 1.662022732484083 1.203255938951539 -0.3630424713492156
 1.500114579222576 1.296439998020516 -0.3803899930150537
 0.5651504698614496 -0.8855408748383183 -0.6829841239094431
 1.554660128808977 -0.9835708684392283 0.3091038949277702
 0.833289055697042 -0.8231407876479002 -0.2469492733005212
 1.079345311912182 -0.9495464784681895 -0.1920029375864382
 2.428661883395714 1.039585440067731 0.2407351571185241
 -0.08578035242236071 -0.604730087243074 0.1483956381994976
 1.367199764964441 -0.9973499916356612 0.06035594753932461
 1.182657572803086 -0.9025457235204442 0.01914619575376231
 -0.1951006284044234 -0.695129580388158 -1.228911645946531
 1.201850483282588 1.58977129842388 -0.1836846106241226
 1.273222480944707 1.503068075539862 -0.2617860094371813
 2.082763247252245 1.037147780194978 -0.1750484011079908
 0.3608924104834279 -0.6805330063652115 -0.5405179102118464
 1.386392675443944 1.494967030308663 -0.1424748588385603
 0.8437274511270015 1.343426060361474 -1.072394666487056
 1.131001442357634 -0.9260461009943168 -0.08642837091633793
 -0.2345323628377562 -0.4747223796723783 -0.861559714980213
 0.9731436318803286 1.306964010517682 -0.9870713921993624
 2.289910725771217 -1.471371332211746 0.266404706467136
 1.403742080256824 1.085754051582176 -0.890915304699717
 2.435021183499239 -1.345768399611183 0.6749663892190163
 0.9563171838046122 -0.8863436330580448 -0.2194761054434797
 2.227873704980268 1.16275071279554 0.2335132816438895
 1.794528756645389 1.101609235993436 0.6809007581414226
 0.2993783464296428 -0.6489315836601393 -0.5542544941403671
 1.846564924645439 1.108451670836322 -0.3218327195636533
 0.1827382709678299 -0.5589879426836422 -0.5238775555667567
 1.843066291140631 -1.221800368663647 0.2042364952784184
 1.623113954787915 -1.178857482634895 0.02346430051182813
 -0.7558753326434421 -0.4041416863468871 0.8062250810164824
 -0.354298975812551 -0.6504722318025057 0.8206688319657516
 -0.1202299972374982 1.548419236227794 -1.833082259601662
 0.2148789584636434 1.813042625967426 0.1400736105167237
 0.8501155037727586 1.370166855927827 -1.014544560056404
 1.260998084932587 1.25916049735021 -0.7347125070735996
 1.451899577197469 -1.220997610443921 -0.259271523187545
 1.098538222391685 1.542770543476135 -0.394833743964323
 2.946849563146186 -1.708783381609651 0.6011830951640236
 0.3899145020290324 -0.655412419845099 -0.4588055736614703
 0.08234418176010705 -0.4974053063197375 -0.5274884933040741
 2.535444025249193 1.004743599270179 0.3021962012864934
 0.9139960302303294 1.637574811591352 -0.4360434957498853
 -0.3215986374745697 -0.5500841392327159 -1.106696724631341
 0.2993783464296428 -0.6489315836601393 -0.5542544941403671
 0.07962643434395421 1.632337893187918 -0.3603260549767361
 -0.3993586877824451 -0.4901217119150512 -1.086445432248934
 -0.7092954704551562 -0.6311239767582869 -1.719892832269536
 1.703269220041807 1.472284103661304 0.1915963628375786
 0.4189365935746369 -0.6302918333249865 -0.3770932371110942
 0.5001665248450884 -0.7720968563879486 -0.5470326186657325
 0.6651932740568052 1.48162906667403 0.05255373253321002
 0.5872327994819018 -0.6967350968276109 -0.3018956090146043
 0.3094367043050043 1.534293206980221 -0.2713918429517254
 0.5775752901405966 1.59669329417064 0.1646430076571964
 1.622210960496153 1.440321082298305 1.112617503992279
 0.7914908588599234 -0.9017429653007177 -0.444361822712201
 2.176188821992585 -1.272844299923599 0.5043198406436296
 1.551741957125796 -1.092154259750878 0.1015656993248869
 -1.389599669296938 2.053318802193098 -0.2382984880056359
 1.121143508749301 -0.8709443008153719 0.005409611825241578
 1.713678862929535 1.226756316425411 -0.2574679046791154
 1.613256021179581 -1.12375568245595 0.1153022832534076
 1.286550295515616 1.36612367961562 -0.5033120813509921
 0.7752448726058332 -0.8733819606881252 -0.4103739464012733
 -2.865414249850615 0.2092323248126194 -0.5488216613954083
 -0.748727204888489 -0.4107167760425071 -1.352540901303218
 1.089754954799911 -1.195074265704082 -0.6410672051031323
 1.231947240844752 -1.178054724415169 -0.4400437179541352
 2.435021183499239 -1.345768399611183 0.6749663892190163
 -0.1115042347301862 -0.5379252250825229 -0.8340865471231715
 1.470512025855345 -0.9503492366879159 0.2715050808795252
 -0.0180499074476157 -0.4358226699558327 -0.5310994310413915
 0.8431469893053752 -0.8782425878268451 -0.3387872560421007
 0.422406474537213 -0.7121344290702839 -0.5267813262833256
 1.994564801514411 -1.069456640496732 0.6706482844609507
 0.5100244584534216 -0.8271986565668935 -0.638870601407312
 -0.1729895462417401 1.905770832867816 -1.224204256721533
 -0.625699076780919 -0.4739196214526518 -1.325067733446176
 0.7102609275894719 -0.7599379422377556 -0.2744224411575628
 1.273222480944707 1.503068075539862 -0.2617860094371813
 0.8431469893053752 -0.8782425878268451 -0.3387872560421007
 1.144329256928543 -1.062990496918559 -0.3279544428301487
 2.341043899479505 1.154649667564341 0.3528244322425106
 1.448429696234893 -1.139155014698623 -0.1095834340153137
 -0.09178836751351982 -0.6481288254404127 -1.017762512606331
 0.4003241449167607 -0.9009402070809913 -0.9078698411781644
 1.432764171802429 1.110874638102288 -0.8092029681493409
 1.202373440019752 -1.012749323878334 -0.1645297697293967
 1.755477059766654 1.305358494078229 -0.06005535526743566
 1.043963920263052 1.410686774690612 -0.7079465062373065
 -0.2025920996089708 -0.3410184018406158 -0.5723091828269536
 -1.354218277647807 -0.3069144509657037 0.2776450806452325
 1.470512025855345 -0.9503492366879159 0.2715050808795252
 0.5363000500406422 -1.084429505784392 -0.01361470085975751
 0.7944377830853355 1.618935061256199 -0.6132047527791582
 0.5489044836073593 -0.8571798702257258 -0.6489962475985154
 0.4676745523369077 -0.7153748471627638 -0.4790568660438772
 0.8296395614468961 1.513686341547689 1.385747494177107
 1.11533591792517 1.323983551806595 -0.7860479050503653
 0.2900721221007048 -0.7842557705381417 -0.8196427961739021
 -0.2151677806334569 1.843826597845985 -0.3133087617580363
 1.548472500430248 1.228014926813725 0.6259544224273395
 -0.8398150697672737 -0.2138099528006002 -1.090763537007
 2.558629773428436 0.8126974031669916 -0.03116785336889705
 2.768724176172819 0.8248563173171846 0.2414423241392727
 0.894803119750827 -0.8547422103529725 -0.2332126893720005
 1.859341029936953 1.161933261969027 -0.2061325067023496
 0.7909679021227592 1.700777657001496 -0.4635166636069269
 0.02138182698571711 -0.6562298706716124 -0.8984513620077095
 0.2250881770843436 -0.6708117520877719 -0.6836912909301915
 0.3774817401871124 -1.056430099829726 0.927657732677349
 0.4096591217879299 1.646478615042278 -1.01886266481447
 -0.5391924529862733 1.873084614188964 1.511385998885525
 -0.06912557607144121 1.762345600758614 -1.370281408156447
 0.7334466757687144 -0.9519841383409429 -0.6077864958129531
 1.364862055102887 1.115735265241008 -0.8807896585085135
 2.043854469556077 -1.344965641391457 0.2114583707530531
 0.7914908588599234 -0.9017429653007177 -0.444361822712201
 1.497167654997164 -1.224238028536401 -0.2115470629480966
 0.6104185476611443 -0.8887812929307982 -0.6352596636699946
 2.331185965871172 1.209751467743285 0.4446624149840899
 0.112498444406733 1.558957941331747 -1.536609851973768
 0.8495637944933634 1.560592842984774 -0.6573182752812893
 -0.04433344059760891 1.902624668285996 1.077735106316513
 0.1544683129686488 1.463792074558603 -0.5881155429620263
 1.173351348474148 -1.037869910398447 -0.2462421062797727
 0.05043267107355265 1.780985351093767 -1.193120151127174
 0.536128378315845 -0.910661461358431 -0.7646964604598191
 1.108947865279413 1.297242756240242 -0.8438980114810171
 1.014561791162849 1.402224130801486 0.3186492015874936
 -0.5842521649561672 2.033435134076419 -0.3957282653291608
 1.202373440019752 -1.012749323878334 -0.1645297697293967
 1.328871449089899 -1.157794765033776 -0.2867446910445865
 -0.04302165620901766 1.678882795967076 -1.496107267208954
 -0.1894438983256312 1.777021735685434 0.6691734235646325
 1.308595931031064 1.224051311405392 2.488247997119146
 -0.1591387749336667 -0.8336941853586403 -1.446575487740618
 -2.341361474191549 0.09012492100380337 -0.1496784578139828
 1.017831247858397 -0.9179450557631171 -0.205739521514959
 1.700902757638021 1.173274725292706 -0.3731681175404191
 2.172718941030009 -1.191001704178301 0.654007929815861
 1.720038163033061 -1.158597523253503 0.1767633274213769
 1.969041343473614 1.235674812483124 0.06286673306850266
 0.8402575701644253 1.425268656106771 -0.9227065773148244
 1.069107340749251 -0.8777867356582583 1.008143089530318
 1.147247428611724 -0.9544071056069093 -0.1204162472272656
 1.021301128820973 -0.9997876515084145 -0.3554276106871903
 0.2738261358466145 -0.7558947659255492 -0.7856549198629745
 0.4543467377659984 -0.5784304512385214 -0.2375307941300663
 0.5454346026447832 -0.7753372744804284 -0.4993081584262841
 -0.1178922873759433 -0.5646660206488754 -0.8919366535538233
 1.526218499084999 1.212977193228978 -0.5062158520675609
 1.693962995712869 1.336959916783301 -0.07379193919595639
 0.05971014286025972 -0.4957850972734975 -0.5513507234237983
 0.6069486666985682 -0.8069386971855008 -0.4855715744977633
 1.16115570500426 1.130317146657168 -1.095549729586031
 2.205791375359816 0.973944934784833 -0.1475752332509493
 1.461786263348033 1.135995224622401 -0.7274906315989649
 -0.4190745549991115 -0.3799181115571614 -0.9027694667657753
 2.338125727796324 1.046066276252691 0.1452862366396273
 1.688649609083671 -1.482727488142212 -0.4697134895069969
 0.8466168702679513 -0.9600851835721426 -0.4884753452143321
 0.4972483531619074 -0.8806802476995985 -0.7545708142686157
 -2.091608519124933 -0.004669994038140335 -0.7851462519093972
 0.05332209021450263 -0.52252589283985 -0.6092008298544501
 -1.538000394699966 -0.2454260681124594 -1.980180759890682
 1.367199764964441 -0.9973499916356612 0.06035594753932461
 -0.39720059120846 -0.3482224353414287 1.337708852104301
 -2.139641548942111 -0.2401242814119396 -1.607990911489639
 -0.3204952189157794 -0.9309361133466105 -1.82114929418157
 -0.941858263593886 -0.1981900407770273 -0.643989550358171
 0.3411765432667615 -0.5703294060073217 -0.3568419447286874
 -0.9135535298331778 -0.4261161082851801 -1.577426618571939
 -0.07259545703401743 1.844188196503911 -1.220593318984215
 -1.538000394699966 -0.2454260681124594 -1.980180759890682
 -2.675035714322898 0.3315948393207023 -0.09253551840407948
 -0.7401810556687469 -0.2420767039025322 1.129463489480669
 0.01004646048329155 -0.8208588392589603 0.3948533047200782
 1.325021530572724 -1.059294226657493 0.9712514425028211
 -0.748727204888489 -0.4107167760425071 -1.352540901303218
 -1.467008434592446 -0.3154713483654903 -0.9499741143285645
 -0.4358722505325969 -0.1611311198876216 -0.5115553056797331
 -0.463590499252383 1.671222910297677 -0.9330195778501171
 -1.266434645226097 0.02149396262289932 1.537931495060505
 -0.7098471797345514 -0.4406979897013396 -1.362666547494421
 0.07067149502738312 -0.9317388715663371 -1.357641275715607
 -1.0435214198659 -0.1992280713844407 -1.305523608084518
 0.2984465995956497 -0.4418476539722056 0.9112798350099236
 -0.8299571361589406 -0.2689117529795451 -1.18260151974858
 -0.9686795412412059 -0.3677738900137553 -1.533313096069808
 1.335259501735656 -1.131053969467424 -0.2288945846139346
 -0.7786810432680867 -0.2287534328746862 0.03128109129669686
 -0.6163928524519808 -0.3385954345746494 -1.059679431412641
 0.5837629185193256 -0.6148925010823135 -0.1522075198423729
 1.490227893072011 -1.060552837045806 0.08782911539636618
 0.5494561928867544 -1.047605857282673 -1.00622253237363
 0.6905450603728055 -0.6497343418798658 -0.09074647567440375
 -1.20965952919918 0.009114468691806363 1.043433048172227
 -1.027827142891205 -0.03716308894008578 -0.982285199620331
 -0.01166185480185866 -0.4090818743894803 -0.4732493246107395
 -0.3343747427660838 -0.6035657303654209 -1.222396937492645
 -0.4347688319738066 -0.5419830940015162 -1.226007875229962
 0.5651504698614496 -0.8855408748383183 -0.6829841239094431
 0.8793092670431601 1.221519398021978 -0.1817504639059662
 -0.6709671545806137 -0.4706792033601719 -1.372792193685625
 1.500114579222576 1.296439998020516 -0.3803899930150537
 1.224455769640205 -0.8239435458676266 0.2165587451654422
 1.130270119790669 1.519364419512922 1.753806592164174
 1.263364547336373 1.558169875718807 -0.1699480266956018
 0.09199374953863948 -0.709617208293657 1.240063327929584
 0.4738829916950951 1.56635048185388 1.061801918692172
 -0.1045357202628028 1.710484218672149 -1.509843851137475
 0.08251585348490419 -0.6711733507456984 0.2235932662959875
 0.9046898059013913 1.502250624713349 -0.7014317977834204
 0.3928326737122134 -0.5468290285334491 -0.2512673780585871
 0.9632856982719955 1.362065810696627 -0.8952334094577828
 -0.115153728980332 1.798901904113066 0.7986102203544571
 1.532226514176158 1.256375931426317 0.6599422987382672
 1.89822105509089 1.131952048310195 -0.2162581528935531
 0.6237751147742847 1.386368946390226 -1.253166861253646
 -0.9327176877704491 -0.5063384949842376 -1.750976937863895
 0.2796624792129764 -0.5387279833022494 -0.3705785286572081
 1.736284149287151 -1.186958527866095 0.1427754511104492
 -0.2502266398124514 -0.6367873621167331 -1.1847981234444
 2.040384588593501 -1.263123045646159 0.3611464599252845
 1.059658197237747 1.572751757134967 -0.3847080977731195
 1.328871449089899 -1.157794765033776 -0.2867446910445865
 0.2709367167056645 1.547616478008067 -1.369574241135698
 0.529389040657721 1.491350320951469 -0.09061964818513522
 0.536128378315845 -0.910661461358431 -0.7646964604598191
 1.289260101368996 1.317596969132296 1.563615918227129
 0.4543467377659984 -0.5784304512385214 -0.2375307941300663
 0.001285922214452687 -0.5293683276827363 0.3935326478506257
 -0.1962119885259864 1.766938882750068 1.719631361509157
 1.467622606714395 1.353162007245701 -0.3124142403931985
 0.4937784721993312 -0.7988376519543011 -0.6048827250963843
 1.442041643589136 -1.165895810264976 -0.1674335404459655
 -1.21564909223124 -0.07794099977686422 1.195938660704371
 0.6656735134696696 -0.8345290163379462 3.303474066942433
 1.686569598009917 1.27373836522661 1.307036320423039
 0.5430805690808002 -0.5007626976091837 0.875885054472887
 0.8689732223786331 1.710611870936142 0.2941697667113715
 -0.01228716230445495 -0.4622205730108052 -0.1428790029362686
 0.3801037730220289 1.768127285307781 0.5753150467482403
 1.538414142554887 -0.9552098638266358 0.3430917712386977
 0.5658678276463458 -0.6324942208100529 0.3321652808547012
 0.02069535009972229 -0.3793492997313676 1.345020689843287
 0.07352849732716574 -0.4931362106931174 0.7629986500638013
 1.064550364930313 1.423418514206358 -0.4440550706942312
 0.9078244949903397 -0.7314639779679563 0.6604252461900085
 -1.18150801510417 -0.0887002846617173 0.6775779836963693
 0.5996576197610489 1.785499072181347 0.5457315225520352
 0.7234827270960125 1.601666880966566 0.9939161283346676
 1.288916757919402 1.665133057984217 0.06145239902700561
 -1.719558758517712 2.282742766017011 0.4470940849327416
 0.8602820050691591 -0.8273249828371332 1.393456032011178
 -0.6963065120568113 2.234268160433566 0.7104657077991579
 0.112635340370003 -0.4096640528283068 0.2121469632353318
 1.48905087629002 -0.9232655486101834 0.7754257218459517
 1.774612465161694 -1.02651375446798 0.4898760896943604
 -0.7850690959138439 -0.2554942284410386 -0.02656901513395503
 1.249554344445434 -0.9438871066495026 1.529411252162582
 0.07772603655777049 2.133819213106449 -0.0665849233520977
 -0.4871114393052534 -0.2886029005351439 0.9118896099509336
 -0.301637500309905 -0.5904910983382945 -0.512434967413795
 0.1484727267172924 1.993977291601107 0.1856839995093146
 -0.04602974981782831 -0.5117759610282702 0.5858373930345284
 2.244119691234358 1.134389708182948 0.1995254053329618
 -0.6854719859335145 -0.1964475190003072 -0.4436695153222283
 1.877924726052598 -0.9795129995202349 0.7010252230345608
 0.2164993105403019 -0.5530892849375089 0.06606981180041765
 -0.6267044218381133 -0.5104003774429904 0.1136106326034706
 1.107390810942823 1.451187987306851 0.9520066393437444
 1.489704936334847 1.541967785256408 0.06867427450164043
 0.001531192162451012 -0.459571686430425 1.171470370551331
 -0.05523362338133406 2.008559173017266 -0.02907607156820328
 0.01266849331820813 2.003698545878547 0.04251061879096937
 0.3461159155606572 1.648775256038005 0.5260937200183322
 1.358212408806703 -0.81931285158308 0.5997613313071385
 -0.4777071414747193 -0.5706114437613747 1.901503708483886
 0.7549324504288013 1.595777576293706 -0.2727087849134838
 2.049690812922439 -1.127798858768157 0.6265347619588193
 0.9310838413927833 -0.6799454883928713 0.3539171546352617
 1.696852414853819 -0.9665513271503153 0.5101273820767671
 0.9690932890961264 -0.8328620419253399 -0.1037758925821759
 0.3063468608970262 1.599477860094532 -1.23001179815467
 1.324878611390159 1.526568453013735 -0.156211442767081
 0.9674729370194678 1.533269868979595 -0.02977209386586988
 -0.4980116220889783 -0.1826683958038743 -0.1949215679337828
 -1.013211809196906 -0.1551435481643417 0.7527756117928593
 1.940264521876008 1.280350867215323 0.7590921192188319
 0.9813464376504764 1.823140171509579 -0.007230520615598146
 0.3364560472989926 -0.5947642075046741 0.4535867877924858
 1.586600392037763 -0.8498668906074657 0.5983544270810295
 1.748508545299271 -0.9430509496764427 0.6157019487468676
 2.176188821992585 -1.272844299923599 0.5043198406436296
 1.056188316275171 1.654594352880264 -0.2350200086008881
 -0.4613957085733942 2.144000333092235 -1.119336857072181
 0.5384948407196308 -0.6116520829898336 -0.1999319800818213
 1.431080291422012 -0.7299420359721362 0.6388570118458432
 0.7949607398224994 -0.9835855610460151 -0.5940499118844323
 0.496144934603117 -0.4998282735857039 -0.04011824471838643
 2.281994371331102 1.067927738533777 1.628078125191405
 -0.1267079718088846 -0.5603969250222552 0.3985504898140521
 1.878750457822222 1.311952289920395 0.7453555352903112
 1.470512025855345 -0.9503492366879159 0.2715050808795252
 0.8391541516056351 1.806120630220666 -0.2082540077645952
 0.1496209909570529 -0.5554046320797822 -0.1255314812704305
 0.6777689550812913 -0.7032159330125707 -0.2064466885357075
 3.117512231457237 -1.476217266743679 1.241145203638511
 1.402058199876407 -0.7550626224922488 0.5571446752954672
 1.96060569659527 1.223285965478758 0.2450458320612021
 0.5763982733586053 1.733980582606262 0.8522396141067818
 -0.1616275761042495 -0.4726650246040979 1.814863492234434
 0.4119968316494846 -0.4666066418343916 -0.07771705876663149
 1.295276058022928 -0.7202207816946966 0.4956836311274979
 -0.03058074279113154 -0.4195076198362265 0.1311380787980101
 1.858760568115327 -1.059735386219292 0.5274749037426054
 1.40899796180156 -0.9187478139828436 0.2577684969510045
 0.894280163013663 1.747778411949241 -0.2523675302667263
 0.6039693256319888 -0.5855028189355809 1.219991960075879
 0.8636885882916662 1.303019101255895 -0.4781329092695095
 -0.2769882840186389 2.135650648860315 0.8081186617892628
 -0.8987909996924759 -0.05696719615289154 0.2113461190425385
 1.030607353149911 -0.8644634646304121 -0.09003930865365517
 0.4774264708808721 1.728072571786855 0.9389697926205844
 -0.3057039362328464 1.850307434030944 -0.408757682236933
 1.337625964139442 -0.8320445910988263 0.3358698957640632
 0.6255611153564443 -0.536290323429496 0.04520502956930683
 0.9557654745252169 -0.6959176460010975 0.1377501793316348
 1.240730508436526 1.559790084765047 -0.1938102568153259
 1.319042268023797 1.309401670390435 -0.5712878339728474
 -0.4185228457197163 -0.5703440986141087 -1.25999575154089
 0.1478474192146961 1.940838592979782 0.5160543211837854
 0.4115247438125867 -0.6498566546103458 -0.3149287408300706
 0.471408155306581 -0.7710775319270817 1.467856530822568
 0.9847875660708214 -0.670797059480985 0.2194625158820109
 1.404277465833791 -0.943182615480196 1.068197229472178
 -1.962308653919107 0.001665809730033385 2.505086552792149
 1.139784709949408 1.811798708185899 0.1598050902224714
 1.766422088231349 -0.969105960220035 1.449992911387765
 0.9429893692337028 -0.7493992371338025 0.02204996647033108
 -1.310742223649568 2.229745086272712 -0.3517084199990744
 -0.9963589674993177 -0.08670912388427744 -0.9302463495305109
 1.543335062789684 1.307551528490022 -0.09263632735225419
 1.045478257275342 1.543104082914242 0.7279143364524285
 1.486786764651666 1.433384393944758 -0.1388639211012428
 0.5124196733994385 1.88390535704697 -0.4504872466991545
 0.6461475600237054 -0.5235585839137497 0.3090964651123821
 -0.05547889332933231 1.938762531764955 -0.8070137942689086
 1.328319739810504 -0.9673687779768289 0.0704815937305282
 0.4543467377659984 -0.5784304512385214 -0.2375307941300663
 2.535444025249193 1.004743599270179 0.3021962012864934
 0.6839486418972476 -0.8335852392411929 1.710793221870182
 -0.3282746773926248 -0.3602590367611416 1.289280939751798
 2.027085526564822 1.28591598552335 0.2262914061692548
 1.574404748567875 1.318320166448149 -0.2509531962252293
 -1.137707069715435 2.144079893996108 0.2317242389142137
 0.8194095318467375 -0.4957704046667105 0.3518030833884042
 2.334655846833748 1.127908871997988 0.2949743258118587
 1.421802819635305 1.546828412395128 -0.002912415857532213
 2.616122247240249 1.053364563264164 0.4894831045069696
 2.893891948795276 0.9472094787519941 1.374406013011578
 0.6285589084821225 -0.8013829319507476 -0.3416947416663636
 0.735290181435336 1.949545862329868 -0.06217685632968117
 1.543807150626582 1.490801541265976 0.1445753547111847
 -0.9422280006653514 2.274219267370557 -1.230726394990807
 1.331266664035915 1.553309248580087 -0.09836133633642907
 1.616202945404994 1.396922344100966 -0.05354064681354953
 1.412467842764136 -1.000590409728141 0.108080407778773
 1.270275556719294 -1.017609951017054 -0.09294307937022406
 2.130949496735122 1.142490753414148 0.08021425473434074
 1.638836984304841 1.395302135054726 -0.02967841669382532
 -0.5542983265765696 1.851471790908598 -1.779550257929076
 -0.3157622941082078 -0.3329173566094162 -0.6916203334255747
 -1.019446642176964 -0.3119956578853235 0.1273435016242975
 -1.323565533542412 -0.1921744098339276 -1.409691270528509
 1.102253373302259 1.530724588983148 0.2334158895641508
 1.225498018815597 -0.8747762504199516 1.415207905791738
 2.29577582167981 1.15789008565682 0.305099972003062
 -0.08260661030804911 2.029401310837486 -0.5611733325047259
 -1.59505319751605 2.439270689373158 -0.7268994311964248
 -0.7399726898389463 -0.08496660210755745 -0.7299263144945682
 1.490655135227939 1.291227125297143 -0.0781962913106789
 0.7266277166680932 1.823703643801859 0.6607282833002844
 1.447877986955497 -0.948729027641676 0.2476428507598009
 1.140859375965967 -0.9811479011732618 -0.1782663536579174
 -1.671799751190764 0.03630577689323199 0.8683821474821181
 -1.315235901728437 2.318763656299002 -0.08200572811516738
 -0.3770310882139944 -0.2315192926520327 0.07258080534660971
 0.3441234674921736 1.950348620549594 -0.5256848747956445
 2.00500319694437 1.097110207512642 -0.1547971087255839
 0.08316991352973163 1.794059983120893 -0.4831581810483239
 1.489676183792616 -0.8701268499888585 0.4450554001714808
 2.1146747579388 -1.241242877218526 0.4905832567151089
 -0.1643373819576296 -0.4241383141207731 -0.2520645073436862
 0.5739049849109925 -0.5597907009033686 -0.0603695371007934
 0.7097092183100766 -0.5695119551808082 0.08280384361755178
 0.7821522176898179 1.705046752628116 0.8269704797609485
 1.926662684814869 -1.064596013358012 0.5990615941017778
 1.907498526877597 -1.14481840005707 0.4255112748098224
 2.794247634213617 -1.480275135662672 0.8492238755317205
 2.166882597663647 -1.408168486801601 0.2389315386100945
 2.966042473625689 0.7835336403346727 0.3983522887861386
 2.451847631574956 0.8475392439645437 -0.09262889753686621
 2.729844151018882 0.854837530976017 0.2515679703304762
 2.525557339098629 -1.352249235796143 0.7704153096979132
 1.869170211003055 -1.305263173455185 0.07841063622591116
 2.486677313944692 -1.32226802213731 0.7805409558891168
 3.172666995407496 0.8775351502301629 0.8206505554665398
 2.040384588593501 -1.263123045646159 0.3611464599252845
 1.632971888396248 -1.23395928281384 -0.06837368222975138
 2.997982736854475 0.917237618166435 0.6876028209393981
 2.205791375359816 0.973944934784833 -0.1475752332509493
 2.250478991337884 -1.250964131495966 0.633756637433454
 1.978870524539716 -1.231521622941087 0.3474098759967637
 2.188964927284099 -1.219362708790894 0.6200200535049332
 1.81658233372361 -1.121679621241124 1.438370398706102
 2.143696849484404 -1.216122290698414 0.572295593265485
 2.00789261608532 -1.206401036420974 0.4291222125471397
 1.630082469255298 1.069551961119776 -0.652293003502475
 1.901690936053466 1.050109452564897 -0.3659462420657845
 2.852320569847056 0.9820606726228196 0.6362674229626322
 0.2714596734428287 -1.054904144294146 -1.350419400240972
 1.448429696234893 -1.139155014698623 -0.1095834340153137
 1.855842396432146 -1.168318777530942 0.3199367081397222
 1.629502007433672 -1.152116687068543 0.08131440694248004
 1.545934366301666 1.102773592871089 -0.6898918175507199
 1.386915632181108 -1.107553591993551 -0.1233200179438344
 0.9342348541841599 -1.075149411068752 -0.6005646203383185
 2.638756286140097 1.051744354217924 0.5133453346266938
 1.088823207965917 -0.9879903360161479 0.8244671240471585
 1.212231373628085 -1.067851124057279 -0.2563677524709762
 0.3295038565340376 -1.004662971253921 -1.18699472714022
 1.77808234612427 -1.108356350213277 0.3401880005221291
 1.551741957125796 -1.092154259750878 0.1015656993248869
 0.9179888679300696 -1.04678840645616 -0.5665767440273908
 1.099061179128848 -1.059750078826079 -0.3756789030695972
 1.263887504073538 -1.044350746583406 -0.1507931858008759
 1.76183635987018 -1.079995345600685 0.3741758768330565
 0.9922790372753688 -1.024908238028527 -0.4371399472375664
 1.648666165370943 -1.071894300369485 0.2548647262344357
 1.655634679838326 1.176515143385186 -0.4208925777798675
 2.515728158032527 1.114947199628069 0.4858721667696522
 1.836706991037105 1.163553471015267 -0.2299947368220739
 1.428713829018226 -1.028951414340733 0.07409253146784534
 1.6550542180167 -1.045153504803133 0.3127148326650875
 1.066569206620668 -1.003028069600894 -0.3077031504477419
 1.021301128820973 -0.9997876515084145 -0.3554276106871903
 1.480950421285304 1.216217611321458 -0.5539403123070094
 1.140859375965967 -0.9811479011732618 -0.1782663536579174
 1.254029570465204 -0.9892489464044615 -0.05895520305929636
 0.8239828313681039 -0.9584649745259026 -0.5123375753340563
 0.4917493300258437 -0.8281424336636466 0.9538102436649383
 1.050323220366578 -0.974667064988302 -0.2737152741368142
 1.593540153962915 -1.013552082098061 0.2989782487365668
 1.532606551730756 1.239717988795331 -0.448365745636909
 2.053189446427246 1.202453180731812 0.1004655471167478
 2.27952983542572 1.186251090269413 0.3390878483139899
 2.302163874325567 1.184630881223173 0.362950078433714
 0.9893896181344188 1.278603005905089 -1.02105926851029
 1.804215018528925 1.220275480240452 -0.1620189842002185
 0.8077368451140137 -0.9301039699133102 -0.4783496990231286
 0.8599734373810918 1.315065055748881 -1.106382542797983
 0.3738401874997392 -0.8008194596584676 0.3262640622495189
 0.6783206643606865 -0.893641920069518 -0.563672973310822
 1.470512025855345 -0.9503492366879159 0.2715050808795252
 2.043331512818913 1.257554980910757 0.1923035298583272
 1.454846501422881 1.299680416112996 -0.4281144532545021
 0.3225640946088855 -0.8409777797633264 -0.8876185487957575
 0.7299767948061384 -0.8701415425956454 -0.4580984066407218
 0.8205129504055279 -0.8766223787806051 -0.362649486161825
 0.1710943367773371 1.418773127315025 -1.73041146364813
 1.234313703248538 -0.8790453460465716 0.1247207624238628
 0.894803119750827 -0.8547422103529725 -0.2332126893720005
 0.125245797156016 -0.7996551027808145 -1.044528513442623
 0.2055439815924743 -0.734376196155843 0.251066434153029
 0.6684627307523532 -0.8385401198905731 -0.4718349905692425
 0.2157819527554055 -0.8061359389657743 -0.9490795929637267
 0.6651932740568052 1.48162906667403 0.05255373253321002
 0.833289055697042 -0.8231407876479002 -0.2469492733005212
 1.376505989293379 -0.8620258047576588 0.3257442495728597
 0.2674380832008574 -0.7826355614919017 -0.8435050262936263
 0.7270873756651883 1.433369701337971 -1.042017727913445
 0.8402575701644253 1.425268656106771 -0.9227065773148244
 1.046122016837037 1.552586051264234 1.716207778115929
 0.5007469866667146 1.449571791800371 -1.280640029110688
 0.4905090155037833 1.521331534610302 -0.08049400199393179
 0.9981153806417308 -0.8077414554052272 -0.02206355603179999
 0.04748574684814066 -0.7396926754631498 -1.024277221060217
 0.5001665248450884 -0.7720968563879486 -0.5470326186657325
 1.661471023204688 1.393681926008486 -0.005816186574101101
 1.005083895109114 1.440667988349444 -0.6978208600461031
 1.253477861185809 -0.7988229593475141 0.2982710817158182
 1.208209783386114 -0.7955825412550342 0.2505466214763697
 -0.16007052176766 -0.6266102556707066 0.01895884140967306
 1.169910220053803 1.456067320592117 -0.4729351427773818
 -0.08519989060073448 1.616938560945245 -0.5852117722454574
 0.8750872525341606 -0.7445386099950827 -0.04953672388884156
 1.101427641532635 -0.7607407004574821 0.1890855773084006
 -0.1208104590591242 -0.6732494119605253 -1.099474849156707
 0.3092362800379761 -0.7040333838390842 -0.6460924768819466
 0.422406474537213 -0.7121344290702839 -0.5267813262833256
 1.674247128496202 1.447163517141191 0.1098840262872027
 0.5425451835038331 1.528173969453188 -1.083227479699008
 0.5220692411779708 1.671693455073051 1.317064574534503
 0.3110858089238936 1.580255931320553 -0.7217767673378719
 0.4740626049826648 -0.6886340515964112 -0.4212067596132253
 0.5872327994819018 -0.6967350968276109 -0.3018956090146043
 -0.5444691455104674 -0.6157246445156139 -1.495007115000815
 1.114784208645775 1.514409538863542 -0.4288216202752506
 0.9110778585471484 1.528991420279701 -0.6435816913527685
 0.2393337737071774 1.683617096835557 0.464632675850363
 -0.1985705093669996 -0.6132869846428606 -1.0792235567743
 0.2541102686299481 -0.6456911655676594 -0.6019789543798155
 0.8652293189258274 -0.6894368098161378 0.04230125885273817
 0.9783995134250644 -0.6975378550473375 0.1616124094513591
 0.5779553276951948 1.580035351539653 -0.9436650367179797
 -0.008371587126852154 1.764060063315514 0.8600712645224262
 0.6458574443947369 1.575174724400933 -0.8720783463588071
 0.7358131381725003 -0.6529747599723457 -0.04302201543495532
 0.2378642823758578 -0.617330160955067 -0.5679910780688878
 -1.784645054299506 -0.2594725364561586 0.932570752745649
 0.4189365935746369 -0.6302918333249865 -0.3770932371110942
 0.5773748658735686 -0.6416332966486661 -0.2100576262730248
 0.302496942379852 1.697978398470816 0.0279843353927373
 0.8106837693394258 1.590574056643606 -0.6471926290900858
 0.3426460345980811 1.730617851783302 0.6757818091905635
 1.150194352837136 1.566270920950007 -0.2892591772942228
 0.8106837693394258 1.590574056643606 -0.6471926290900858
 0.5843433803409519 1.606776147106006 -0.8858149302873279
 0.5843433803409519 1.606776147106006 -0.8858149302873279
 -0.8173893966972271 -0.3725402636418148 0.7924884970879615
 0.2216182961217675 -0.5889691563424745 -0.5340032017579602
 0.4932267629199361 -0.6084116648973538 -0.2476564403212697
 -0.5026709486733487 -0.5371224668627964 -1.297594565589135
 -0.5129089198362801 -0.4653627240528652 -0.09744853847237918
 0.9685415798167312 -0.6424360548683925 0.2534503921929386
 0.1084481016225306 -0.5808681111112748 -0.6533143523565812
 -0.4223727642368905 -0.4718435602378249 -0.001999617993482319
 1.201850483282588 1.58977129842388 -0.1836846106241226
 1.088680288783352 1.597872343655079 -0.3029957612227435
 0.9755100942841145 1.605973388886279 -0.4223069118213646
 0.04693403756874553 -0.5492666884062025 -0.667050936285102
 0.3411765432667615 -0.5703294060073217 -0.3568419447286874
 0.4543467377659984 -0.5784304512385214 -0.2375307941300663
 0.5675169322652354 -0.5865314964697211 -0.1182196435314453
 -0.02096807913079662 -0.5444060612674827 -0.7386376266442747
 0.1148361542682877 -0.5541273155449223 -0.5954642459259294
 -0.7956443873070733 -0.4534390822903591 -0.9498804371565198
 1.230872574828193 1.614891884943992 -0.1019722740737464
 -0.8520394657793928 -0.4577175309902524 -1.563690034643418
 -0.681205125743545 -0.3989194605502407 -0.1726461665688691
 0.05332209021450263 -0.52252589283985 -0.6092008298544501
 -0.7874068057753985 1.857591028435631 -0.9677146211817933
 -0.06106996674769599 1.791392390393966 -0.4441524627739697
 -0.00819197383928244 -0.4909244701347777 -0.622937413782971
 0.1566343511054062 -0.4755251378921047 -0.3980516965142497
 -0.748727204888489 -0.4107167760425071 -1.352540901303218
 0.3829747401038801 -0.4917272283545041 -0.1594293953170076
 -0.9750675938869628 -0.3945146855801077 -1.59116320250046
 -0.3219499224869367 1.878668438643537 -0.3747698059260055
 0.09512028705162123 -0.4439237151870324 -0.4117882804427704
 -1.046819629103679 -0.2911535200651042 -0.4047537593122251
 -1.036581657940748 -0.3629132628750354 -1.604899786428981
 -0.3059043604998746 -0.3880191567883611 -0.7834583161671542
 -0.5355142061938963 1.948352120238641 -0.4976918942619438
 -0.8200992025506073 -0.3240135531584899 -1.274439502490159
 -0.2246456766871919 1.882270455393943 -1.329778823391633
 -0.5070725764699181 -0.2481959414295654 0.3176278527333873
 0.4972483531619074 -0.8806802476995985 -0.7545708142686157
 -2.091608519124933 -0.004669994038140335 -0.7851462519093972
 0.05332209021450263 -0.52252589283985 -0.6092008298544501
 -1.538000394699966 -0.2454260681124594 -1.980180759890682
 -0.6906830217972801 -0.3604756030022821 -1.189116228202466
 -1.277009936619327 -0.1764508912264212 0.6146200730379402
 1.367199764964441 -0.9973499916356612 0.06035594753932461
 -0.39720059120846 -0.3482224353414287 1.337708852104301
 -2.139641548942111 -0.2401242814119396 -1.607990911489639
 -0.3204952189157794 -0.9309361133466105 -1.82114929418157
 -1.313351827644682 -0.0212283436249526 1.940591959207203
 -0.941858263593886 -0.1981900407770273 -0.643989550358171
 0.3411765432667615 -0.5703294060073217 -0.3568419447286874
 -0.9135535298331778 -0.4261161082851801 -1.577426618571939
 -0.07259545703401743 1.844188196503911 -1.220593318984215
 -1.538000394699966 -0.2454260681124594 -1.980180759890682
 -2.675035714322898 0.3315948393207023 -0.09253551840407948
 -0.7401810556687469 -0.2420767039025322 1.129463489480669
 0.01004646048329155 -0.8208588392589603 0.3948533047200782
 1.325021530572724 -1.059294226657493 0.9712514425028211
 -0.748727204888489 -0.4107167760425071 -1.352540901303218
 -1.467008434592446 -0.3154713483654903 -0.9499741143285645
 -0.4358722505325969 -0.1611311198876216 -0.5115553056797331
 -0.463590499252383 1.671222910297677 -0.9330195778501171
 2.552513384352549 -1.269119970442712 -0.226506911666331


