# Created by Octave 4.0.3, Mon Jan 30 23:18:43 2017 GMT <unknown@KoolCards>
# name: Z
# type: matrix
# rows: 1206
# columns: 3
 0.01091459176434056 0.2507812137564402 0
 -2.01088519512443 0.4741030590233494 2
 0.4004455911329986 0.2107013575773391 1
 1.302657753715232 -0.892121441906856 0
 1.330390809982906 0.02204264631912245 0
 1.551067971620506 -0.7200794269235828 0
 0.1296814985254152 -0.5114997460114211 3
 0.1579569626642151 -2.158871077697928 0
 0.2792126826544233 -0.2716740782231958 2
 0.569222122399947 0.5058037409400193 1
 0.491484329861381 0.7822453353548047 0
 -0.2686125770209966 -0.7659079219808549 0
 0.1382865237850176 -0.2156390943999363 2
 1.193549729637691 -1.022726720386958 0
 -0.3417935627402072 1.024838006044045 0
 0.9925299718376207 0.8673198574261696 0
 1.714112647809959 -0.6315225363793292 1
 0.3809283149369701 -0.09542830435892485 0
 -0.1004827347133732 -0.4373998855340646 0
 0.7685226854175845 -0.8505434881504934 0
 1.276784744994016 0.03343062009676072 0
 -0.3004307118128616 -0.5792676596774934 0
 0.6902555200495616 -1.103722961691637 1
 1.111917606464573 -0.2455824328897464 3
 0.3242731055711707 0.6711845921857135 4
 1.203955419256293 -0.1372572143439103 0
 0.5017263552043234 -2.110522221228555 0
 -0.9931491676294837 1.05193176619546 0
 0.2339397138670471 -0.2152783991958819 0
 0.9163940579516195 1.173088824158379 3
 0.158450488940371 0.05708491445221753 0
 1.262973362782035 -0.3833692264850211 2
 -0.5002248011066552 -1.438876422737126 1
 0.6237647286829007 -0.1313044016570283 0
 1.252182302679818 -0.5126501877420401 0
 0.9385118501491414 -0.2139399577921597 0
 0.6284792980122909 1.109273713144681 3
 -1.475772850744436 0.3684590380246666 1
 -1.019207638607349 -1.401600542438022 3
 -0.5718773399330709 0.4182718140120733 0
 -0.9844854843049473 1.066279057286925 4
 1.172431299911624 0.1734369016774059 0
 -0.8146371723374167 -0.6705329113069511 0
 0.1910920120088884 0.5241195738227393 0
 0.1646074357591232 -1.734878291601802 1
 1.56137039368155 -0.5587654320454036 4
 1.069562417351928 0.9057972766155138 0
 -0.79435516592967 0.5707850328232156 4
 -1.235366592162704 -2.59840837903605 0
 0.8966414243733296 0.4613919479841411 0
 2.157485069549769 -0.2774231520980945 0
 1.122874466893622 0.7703554491199206 0
 0.7449122928805688 -1.216251939118471 2
 1.595951695219926 -0.4643013312726671 0
 0.2137170906467599 -0.2064890475280163 1
 -0.5543444516995246 0.09130316286123447 1
 0.5070696902163881 -0.06018229741384673 1
 1.960745012867867 0.3557321878465782 1
 0.4129997303877471 -0.7196688145214207 0
 0.2653872518701322 0.5987083073999298 0
 -0.2862339591172648 -0.9186563578817404 2
 0.8481573855865525 0.8303703991336058 0
 0.2828358093534131 0.5083909386506207 1
 0.2397847219619534 -1.288127996870748 0
 0.3601404723339249 1.070074903547229 2
 -0.6113639586904746 -0.3166687441154594 2
 0.7251684222416016 0.7640549805863961 1
 0.2155764130706934 0.1016064463835272 0
 -1.915996735254119 -0.4607245279664988 2
 -0.2207155555979686 0.4209801750972774 1
 -0.7000140021654665 -0.05049616002545304 0
 0.8495270564386705 -0.6334753289971968 3
 -0.6703671285213811 0.1738816921387958 1
 1.302305080203102 -0.7346619351047912 1
 2.213828340191722 -0.3249224402635792 1
 -1.589048148045259 -1.316270749398325 0
 0.2710376373710605 -0.3180544029358214 1
 -0.6618214864492382 -0.7803649520477518 0
 1.172937861229448 -0.7017635940408627 0
 -1.448510509241284 0.4714886977746969 3
 1.61141271515891 -0.100111126898826 0
 0.09369681563279317 -0.3473633363328975 0
 0.214340968094452 -1.644716264286324 0
 -1.567884095295926 0.2972087558857055 3
 0.6316816050723691 -1.895312854856574 0
 0.9099782171164472 -0.3769574040178243 0
 0.1960222767907219 -0.3221625470220267 0
 -0.1126803257516521 0.7795255498704294 0
 0.4941660270313248 -0.05995850472327491 0
 0.3113248328934836 -0.3342604868086027 0
 0.3118313942113077 -1.209460982526871 0
 -0.03928476710052869 1.597473783736319 3
 0.4537576406746934 0.07525953008174616 0
 2.719474384949299 0.4761510314392813 0
 0.7397357717259783 -0.5759606865170238 0
 0.6865449130184917 -0.5595308099536707 1
 0.9847620950188645 -0.334401704061794 2
 -0.207437420919785 -0.1358558163846685 3
 0.8704666507962378 0.3748606160542051 0
 1.800198310244875 -0.6185180014312949 0
 1.690976119619281 -1.273702445081611 0
 1.989947132840877 0.08619128899882322 0
 0.2212485965526125 -1.214308955941533 0
 0.4628692272521197 -0.5040803140250376 0
 1.002854191879656 0.6294811603150396 3
 0.7943001759899231 -1.612221521103381 0
 0.9675161979463586 0.7602119169094528 2
 0.6398833365717052 -9.619636195215553e-005 1
 0.4037887509571032 -0.4204697114717064 2
 0.8289190627347676 0.1315025674566975 3
 -0.7290770080276177 -0.7431346742070464 1
 0.4231700626240875 -0.239766522716347 1
 2.350808534647797 -0.2423324865868469 0
 -0.8163644049366466 -1.297216702145389 2
 -1.034748389469733 0.4464959620155179 2
 0.1754659168655978 0.804893105014302 0
 0.7471102402443216 0.2215662801959157 0
 1.479848562352145 0.2989432505142231 0
 -0.7500236266713401 -1.107879503155995 3
 -0.3899807249060904 0.1579108253557575 2
 0.3360445913375502 -0.3512064000098407 3
 -1.572485511607905 -2.222764449409297 4
 1.506360947338413 -0.2887769478165051 0
 -0.6397388156824918 1.050561846513978 3
 0.4243858456705109 -0.9858712619309462 1
 1.144639585579015 -0.4592138260285533 0
 -2.808604510105295 0.7470937632430059 3
 0.5892459599137994 -0.06326709284198526 3
 1.491928837260555 -0.3549554638502322 0
 1.274352453778644 -0.005980557792092889 0
 0.594154426714642 -0.510396521697442 0
 1.944717760015482 -0.6557184159524813 0
 2.071983563304904 -0.4863347497180189 0
 0.833041001342901 -0.8516624516033526 0
 1.359056532840305 -0.1335282043821074 0
 0.4851457954903187 -0.3608610591204745 0
 -0.09592205318967756 1.520919218183849 4
 -0.6927796612886239 -0.09476403594667193 3
 0.6937395326376929 0.6385214682115281 1
 1.001659481691698 -0.5551874487777224 0
 0.6357536485548912 0.09503928248249977 0
 -1.117101358484472 -0.2374998173143371 1
 1.688283523458842 -0.2319222590088763 0
 -0.4180077966209605 -0.8803071165881757 1
 1.447533751702309 -0.6427665931223083 0
 1.267224241633058 -0.5975166562617129 1
 -1.816158348672156 0.2505932140833368 4
 1.734173345407755 -1.082954038692044 0
 0.4498475228146629 -1.472450456612479 0
 1.02496394626038 -1.917930761196552 0
 -0.104789122047515 -1.029344981447606 0
 0.5447883415862785 -0.5135796317018411 0
 -1.560777572141442 -5.211631106856138 0
 -1.122245182667576 -0.1959376026968545 4
 -0.5625890540383169 0.526012544663283 3
 -1.24926860428858 -0.6033451707957964 1
 0.1824641752376531 -1.176562641462943 1
 0.6487556910625298 -1.429018024814509 1
 0.1602869998526715 -1.039641155310436 2
 0.59834277279639 -0.8870453610619135 0
 2.009350242488853 -0.1322582142351266 0
 0.3916231317677852 -1.333893970369228 4
 1.596870313237339 -0.246854037994968 0
 0.7619902535750697 -0.3059423389686063 0
 1.17246012217877 -0.8693069064143573 0
 1.135601430761358 0.08305108167135555 0
 0.8119443695978242 -0.054651521528298 0
 0.2113652554773125 -0.9265662779261986 0
 0.3989459665073496 -0.8984447592387228 1
 1.500394748409299 0.9030846007906007 0
 -1.764723544831045 0.6502233547733088 3
 -0.787631261074992 0.9577028825124663 0
 -1.314572434875964 0.6657124581159757 1
 -1.036101875698368 -2.268420683932346 0
 -0.2521037104135939 0.8571007642994982 4
 -2.121638982224634 0.8401221928589873 1
 1.230262282658088 -0.3693141793408689 0
 -0.2224786347504992 1.480631308453056 1
 0.1215243765187029 -1.401047532821155 0
 0.9912358687964453 -0.5974894927236618 0
 0.7853723130159791 -0.9893922183410572 3
 -1.129337548259861 -2.473808625360691 2
 0.5028883684207952 -0.3271245741518289 0
 -1.58690885874644 0.4030608304360804 0
 -0.7954286852834199 -0.7328955272017862 1
 1.231805791653836 0.2138801528420293 0
 1.911929373427426 -1.048603202509253 0
 -1.367700760814176 0.8446437442671083 2
 -0.9529838880637944 -0.3768830230631333 1
 -0.09510355314800756 -0.07339488591357313 2
 1.212182098318435 0.2712008659511495 0
 -1.069579822085206 -0.2979737771083372 3
 0.1710601366782387 -0.06719273195630897 1
 -1.360521928420453 -0.00571665734434379 2
 0.2103152727577212 0.7061953820410487 0
 0.3943016793559143 -1.088491924237055 3
 -0.9918192180350071 0.8304061921510745 0
 0.2790805928297195 0.04691421870369866 0
 1.08624236991915 -0.5637231444354972 0
 -1.478021418356325 0.3725373187913527 1
 1.275042738699951 -0.8376915948548216 0
 -1.910852911071015 -0.5022867425839812 0
 1.331684913024082 1.486851996468954 0
 -0.9276177290685192 -0.6995881886939365 0
 1.697020638543148 -0.254649904324286 0
 -0.6168056730251146 -0.8431751533237306 3
 -0.1144223320457176 -0.09159666508115291 3
 -0.2614984134477204 1.112810408693673 3
 0.4076612836106649 -0.5220197125648233 0
 -0.1603051297084755 0.1158439984995611 1
 1.535247253883237 -0.2832190083929053 0
 1.693265422019454 -0.716126624271208 4
 1.144874942961276 -0.05364661179057917 0
 -0.728638990234581 0.6667287922528657 3
 1.437771601461217 -0.4740358660392134 1
 1.528090219470505 0.1679887012292375 0
 2.204382003378817 -0.4312905514518391 0
 0.2184348095579649 -0.05351681893655905 0
 -0.7633017613495237 -0.5510435116740486 0
 0.7174444297929436 -0.9636183655347312 0
 1.405188736457634 -1.222583885929755 0
 1.430092218505183 -1.196040340475453 0
 2.805294854204166 -0.6776420954224015 0
 -1.004080355373202 0.08085596230428249 3
 1.462204368744243 -1.25862674906086 1
 2.192319651747057 -0.6205592991844924 0
 1.242791474350031 0.1870742267599334 0
 -0.07117032289665037 -0.6263763893194045 0
 0.4301918576303014 0.7152199507986573 3
 0.9015646648690082 0.2587009432418289 2
 1.115783114831979 0.2964586821195906 0
 -2.842811340150551 0.09601746367889541 2
 1.089300277235382 1.373055728676607 1
 -0.1438598094009891 -0.2276229804713721 0
 0.08511460188482378 0.761597575729815 0
 -0.4846605136101133 -0.3505307071984165 3
 -1.059703505296061 0.05787466097878202 2
 0.5979683013032696 -0.3304331622705394 1
 0.3628878518549578 -0.6972334131533242 0
 0.6443945203677947 -1.295434990100232 0
 1.291334171201742 -0.4634175849095509 0
 0.3640558758269425 -1.361401137842559 0
 0.5447735678914428 -0.7580180558149854 0
 0.2632082413136719 0.1216968816519419 2
 0.02654141203015681 1.501628338882929 0
 -1.102609865219154 1.078785994517423 2
 1.723753607216842 -0.6812413125301844 2
 0.07959529267795701 -0.4442022665248349 1
 1.337000548289531 -0.1156186691618406 3
 0.5746231019463035 0.4706560485712015 0
 0.9184659262461816 0.4819299686336994 0
 -1.006478936086446 1.246690002094971 1
 -0.7670710264455274 0.2746620005839366 0
 0.5207957281474618 -1.210705424094042 0
 1.219558702887951 -1.82285230920967 0
 1.661388629162655 -0.2479730014478272 0
 1.263219619154792 -0.1773783582417017 0
 -0.3428663569714314 1.252778102337095 0
 -0.6506440423327626 0.396701720086745 0
 0.2800062351332877 -0.3792296041210561 1
 0.8521321722670301 -0.3509983464581488 0
 -0.3700858276351269 -1.180177597709605 3
 0.2945854971388018 -0.1148473615556241 0
 1.415226978869271 -0.4240932971977865 0
 0.2181049475574684 1.508764251539703 4
 -1.002864572326779 -0.6652487769103166 2
 1.004793970349514 0.2569106017172543 2
 0.409587013508213 0.3925919610422989 2
 0.6191464026249132 -0.004135889191416053 1
 0.9944845240023148 0.7391877229415287 0
 0.1143314955526696 0.7364951009952044 1
 -0.7667988089793227 0.7978685462912006 0
 -1.231647222192312 -0.4505967348949111 2
 1.274338405206334 1.281201674412815 0
 0.943354634598895 0.2640350899748568 1
 -0.6874957094640189 0.7054685920700037 0
 -0.3644712886874997 -0.4106053838511399 0
 0.4176995260223015 0.2764708761671449 0
 0.05101806368328121 0.1910856712281191 1
 0.3775264970479315 0.81725612521014 0
 0.1777682543074388 -1.728687562043709 2
 1.07890863618909 -0.7995960095713478 0
 0.3534165674792467 0.6831570538579781 3
 1.763471708652168 0.01525168972752322 0
 0.4378634911776548 0.5491948850192989 2
 0.111053004549012 -1.36141256224173 4
 -0.8926461688115455 0.8866763930640769 2
 0.6744168790356425 0.1763049189361492 0
 0.960630367469189 -0.06934808342464677 0
 1.293935412325761 -0.6249553724783019 0
 -0.05186559257125056 0.6790076220530826 1
 -0.08343533493918587 -1.819941389273996 0
 1.29106296726618 0.8173501250466917 2
 0.4359237127077965 0.9217654436170839 2
 0.710883175683283 0.6237265917389191 1
 2.334377988035146 0.3455729164972308 0
 -1.642674272361972 2.429864828350181 3
 -0.5510301141425659 0.5028759019039519 1
 0.5209724274647892 -0.5236248493360482 1
 0.1699437464850329 0.9590527483153595 2
 0.5538134613622672 2.035311948466664 3
 1.102592460485876 -0.470962495010246 1
 1.326680202951837 0.5662347980570884 0
 0.2443812500389502 -1.016143817347051 0
 0.09401364259162165 1.181512081059254 1
 -1.183302297516394 0.1426042269849722 0
 -0.6179877455694095 1.108174803570411 3
 0.4609505216407267 -2.062283103734614 0
 0.9950497433850729 -0.4175261332967591 0
 1.253336278079492 0.110364319773633 0
 -0.08342657199986303 0.8720624066051088 1
 -0.2985348177131014 -0.425886433642115 0
 0.5281522733891546 0.429989004716006 0
 -0.3373621098675171 1.941785921133146 3
 1.012553809351473 0.2982490236441651 0
 -0.0701484373216795 0.3152264151231629 3
 0.928948197206368 0.2427186520596193 0
 0.5383584521787961 -0.7764436276731369 0
 1.950574680631527 -0.1241701039584954 1
 1.532940028206414 0.002372632893800297 0
 0.8361495289072693 -0.3567800785723204 1
 0.83753813656668 -0.8598190131367249 1
 1.472977505569811 -0.2861783257067325 0
 1.111668200510001 0.6360325850771869 0
 1.368381678819002 0.09185185773839216 0
 -0.6403862297643423 -0.4476531567199639 3
 0.3946185063147428 0.4403834931550967 0
 1.435390944024624 -0.1513692883456328 0
 -0.4282030764201066 0.1265491698063127 0
 -0.3479743346012346 -0.3919946072396389 0
 -1.474896706168474 -3.311342682256282 0
 0.9763745038648732 0.6184723206618037 0
 -2.952630324609859 -3.499278483286435 3
 0.09592745996803231 0.4917258449975246 1
 0.5693988217172743 1.192884315698013 3
 0.3421885031146344 0.9479868818045536 0
 0.651768988886138 -0.4979080233872925 0
 -2.004080834223827 0.1803548562032714 1
 0.8894615784489643 -0.4922219060679133 0
 -0.6062967158489549 0.7664498638841857 0
 -0.6322877658225641 0.7234079906097896 0
 -1.229163297198161 -0.04910780142362314 4
 0.01249782201772898 -0.4083446081470793 0
 0.4548522328869083 -0.5518332582006131 0
 0.6458066646613638 1.137968295327612 3
 -0.9426965281057023 -0.7323610516435535 0
 1.416498270398813 -0.3641055107221522 0
 0.8273906158419725 0.06510025873239855 0
 1.078040638419814 -2.458939802930119 0
 1.24373116522591 -1.526251828269729 1
 -0.1815636870760438 0.4702127779297666 2
 -0.1579385208441924 1.080359653010888 4
 -0.4284672560695141 0.7637257636601016 0
 0.4313451079074504 -0.1933861980037214 0
 0.747286939561649 0.9086468549539091 0
 0.3187986942650444 0.7434072209614064 0
 0.638508777484605 -0.7842394940024549 1
 0.4613853898519487 0.4351862489355514 1
 -1.703005980858709 -1.28125995954299 0
 -1.114625471307118 -0.9963940234041019 3
 2.00409927604385 -1.258866280890311 0
 0.1153674296999506 0.3909156732328647 0
 -0.1142902422210138 -0.4101849620080473 1
 1.37947765335891 0.1456103267187112 0
 0.1565911665164375 -0.251010579459326 0
 -0.2374042711045135 -0.8015031997308164 0
 2.14428351621317 -0.8452679832332765 0
 -2.307051581688706 1.488588445914154 3
 -1.220287793125522 -2.565635516086433 0
 -0.2151238281619743 -0.2142691747184544 1
 0.320459230982543 0.4912212327588109 0
 1.326753634711606 0.5291598616502133 2
 0.1496694894859666 0.605764344400791 0
 -0.6613507716847152 0.03076947642819627 2
 -0.3978976012955588 1.921919278555303 0
 -2.104020352312175 -4.146698538885192 2
 0.7575159298629235 1.107035786238963 0
 1.041345611278062 2.271655247782001 0
 1.263623926445701 0.02723989053866782 1
 1.10049778067968 -1.184625203159763 0
 0.9404664023138356 -0.3420720922768005 0
 -0.9424383592118081 1.078027726268618 1
 0.1778725353956389 0.7994422047846659 0
 -0.6086039415257785 1.052041505170891 2
 -2.062337922242191 0.9176403804304858 3
 0.1352373794081084 0.5395858283670638 0
 0.5060109445574743 -1.119424433325704 2
 -0.7684227740209949 0.8953402666176312 0
 -0.3530008426544707 -0.9134591136621951 0
 1.034730984736455 0.1613275374916586 0
 -2.778939713184559 0.1283041533101464 2
 2.417942865391968 -0.1605508134953127 0
 0.02820122362512983 -0.282178305637718 2
 0.04441220008099671 0.7727617568168814 0
 0.4787942260775884 1.58718903427266 0
 1.919933332750969 2.090306229534736 0
 0.24989639613336 -0.5267123445456549 0
 -0.6937569373709711 -0.03069796870435154 4
 -0.2328397148764775 1.600830674094896 0
 -2.035804464397457 -1.600853166207603 2
 -1.084292912568591 -3.579362634728433 1
 0.7193044773394026 0.8760977846948641 1
 -0.2954042037596253 -0.05780315325493717 0
 -0.2858219024176759 0.1739914311142272 0
 0.4456819882445479 0.3090199464261901 0
 0.7159395195343072 1.906421545733219 0
 -2.719248394483519 1.697622821866922 0
 0.282461337860293 1.065003137441995 0
 -1.788230669810503 1.008670414970201 2
 -0.8048195136132059 -0.03317111269981271 0
 -0.3687629023268055 -0.7581120556515369 0
 0.3897686975788341 0.605999561490534 0
 1.471470856658007 -0.7517333264203407 1
 0.9547804711393002 -1.244487511521086 1
 -0.868772610155764 -1.188766005485242 1
 2.382546213393737 0.2516933036191203 0
 1.594409199754821 0.7564785922079412 1
 0.7249509881359906 -0.4846796957486861 3
 0.100306553939418 -0.4850246518138607 0
 0.9266588948061949 -0.3148571687507833 0
 -3.587652748678418 -0.7322823559491537 4
 0.561300357775496 0.02182316836825937 0
 -0.2165124358213849 0.2887697598459503 0
 2.147884844931169 0.3339497256298491 0
 2.528873351809499 0.1605106274270431 0
 0.6636992506931945 0.009949021272255172 0
 0.9776637186710662 -0.1647073549596706 0
 -0.9946378932646371 -0.2567906966152568 0
 1.503076445579243 0.06088076071252094 1
 -2.898100753368572 -1.045230138015068 3
 -0.7806063164869634 0.8250834698172178 3
 -0.7347681283168294 -0.3880260654483841 0
 1.400460118555934 -1.175979768526557 1
 1.65884604610357 -0.3679485743990956 0
 -0.7795703823396825 0.479504042054878 1
 -2.746827562945499 0.06571774472473957 4
 -1.36795892970807 -0.965745033645063 4
 -0.8182156895437829 -0.4449290564958798 4
 0.2226747894184918 -0.06808790271859624 0
 0.4863763522315778 -0.8625273742219293 3
 0.4429992775439618 -0.6527504691592367 0
 1.311733493739357 0.214873638180577 0
 1.3890005715134 -0.8727023847101568 0
 1.695242785695781 0.5605628049183484 0
 -3.288247483378237 -4.906068578717379 2
 0.1714346081713591 -0.6238049307476831 0
 0.3171519177117395 -0.5639426223863604 0
 0.6296097367778071 -1.204153999331894 0
 -1.283023367968489 -1.131740236104902 4
 -1.194508563900015 0.008281362942238357 3
 -0.6786553268221549 1.406896457919463 0
 -0.8491738643831689 0.2406718596052002 3
 -0.5477010028907714 1.158887065059814 4
 -0.1801164213516991 -0.3143395171546577 0
 1.205462068168097 0.328297786369698 0
 0.4658231418882684 -0.8230776083958534 3
 -0.04415738734807034 0.3582682883975591 4
 -0.6486378563892896 0.6306473411845384 0
 -0.7801763365107239 1.074563796716077 0
 0.9007493144091527 0.7654091611289982 0
 1.045466536355553 -0.5154840269415557 0
 -0.2713905174623432 -1.291450709170098 0
 1.12807694914166 0.4472798739824186 0
 -0.495704854371243 -0.04221142059630121 4
 -0.6615861290669767 -0.3747977378097779 4
 -0.7793936830223548 1.166584616812871 3
 -0.2821260690814416 -0.6146391447368831 0
 0.8731929574588055 0.5383256476610134 0
 -0.9911946154647895 0.923799631710819 0
 -0.1369739789238194 0.6019370198627276 1
 0.6132824577227143 0.1079069149170517 0
 -1.938490737597929 -1.852678459206144 3
 0.9439862614552677 -0.2861625865678525 0
 -1.692306275792911 -0.2717365997819877 0
 -1.756625080889267 1.821284502103062 2
 -0.609427329802431 0.398366583497008 0
 0.5536139505333068 -0.05659018996552642 1
 -0.9269344684333677 -0.8877081096542113 0
 -2.404777365187823 0.6477659499167275 3
 -2.361458948565141 0.7195024053740544 0
 -1.495619988940961 1.624610446564664 0
 0.678542692348116 -0.3628453300161019 0
 1.876220782705349 0.0827545229843335 0
 -1.007404578390014 1.672833824919726 0
 -0.1145255996032754 -0.8157521762460215 0
 -0.813189181490547 0.07653544992667657 0
 -0.06819388515698538 0.1870942806385221 2
 -1.399894380629803 -0.2160780503016626 0
 1.095883329326033 -0.6134419205863523 0
 0.9108968351338602 -0.1595101107401253 0
 0.1327176078606564 1.824431819089993 0
 1.705390306420489 -0.3643564669507753 0
 -0.2761581314991594 1.52909421863757 0
 -0.2551349315138526 0.7691582249693899 0
 0.9767222891420202 -1.786976211911567 0
 0.7793762782890765 -0.5587611173056949 1
 2.275532869122391 0.8347507332885359 0
 0.6101925785575217 0.301477736106963 1
 0.1256400159632066 -0.2090007794606997 1
 -0.5379873368466439 -0.4595273038159681 1
 -0.381063760922642 -0.2653421314119115 0
 1.002677492562328 -0.05759941444295402 0
 -1.388665302734549 1.323066377415269 1
 -0.4033361660483842 0.3078069831367793 0
 0.8273091462654056 -1.058207944421779 2
 0.7021678585799677 0.2473015450650193 0
 0.5062691134513686 0.6909643445864672 0
 -0.3087409965027428 0.7805461987470281 2
 -1.119937956990752 -0.48152924398356 1
 0.5961317903909691 0.7662929074921144 0
 1.186957914607717 -1.728232867003103 0
 0.364284208923049 -0.3122428075021307 0
 -0.2576595912962872 -0.1939848100789869 1
 0.9669281670519676 0.5121042094735437 0
 2.473247052304826 1.225135212311796 1
 0.8421525879203272 -1.431002295710136 0
 1.895602094372333 0.263457711739693 0
 0.02264534274243662 -1.333263880016203 0
 0.5396884017732726 -0.9979692017175221 0
 0.001916158204325252 -0.4492740326300688 0
 0.8195422829772916 -0.4559552502462364 0
 -0.7199246866619078 -0.7608204167367413 0
 1.418004919310617 0.1014494899914559 0
 -0.798485867477126 -1.138053743995839 4
 -2.831157170514039 -0.3633468074766198 2
 -1.353481196606946 1.910076609737059 2
 -0.6712091651972095 -1.168246423756031 0
 -1.806395184900422 1.885836742663749 2
 -1.197675749529318 -0.2050876495687745 3
 -0.1920280347595797 -0.1337433675932618 0
 -1.978537687503108 0.8170838646759166 1
 1.100697291508641 0.9072769352724273 0
 0.8502510518621056 -0.259941148380383 2
 0.4511117900580505 -0.7688715540343908 2
 0.1622057054640647 0.5185616343991395 2
 -1.141961244570039 -1.062348746747257 3
 -2.245515605268679 -3.377964468931444 4
 -0.2142052101445612 0.003178118559244658 1
 -0.6662413152089074 -0.3652685568134554 0
 -0.09406761900072658 -0.418974313675913 0
 -1.4539076140833 0.9506511602513138 3
 0.03529959997292817 -0.4518726547398414 0
 -0.8595437074484698 -2.331132570632064 0
 1.012399921545779 1.015990012560369 0
 -0.6195748505271386 1.323285855366132 0
 0.1848448326742465 -1.499229219156524 0
 0.1926345074739935 -0.6966603496578692 0
 0.6922328837258888 0.1729664674979197 0
 0.03704160626699371 0.4192495602117409 2
 0.4086613712046449 0.8187357838670536 1
 -0.5192713625381603 -0.9338716561974419 0
 -1.016620446055641 -0.2759560978018653 3
 1.766645918567625 -0.4149704138639175 0
 -1.001129590318868 0.8494645541437194 2
 0.7070176673158763 0.0816854767295821 0
 2.083325794217569 -0.2265854124943805 0
 -0.03144447205264483 0.9581461531539011 1
 0.6020175332741589 0.2550974113943373 0
 -2.275387334702535 2.019689172526997 0
 0.9929599518138603 1.116800184325029 3
 -2.793607180644679 -0.3434415769615548 0
 0.4856344335314923 -0.3928940927416348 0
 0.4014815252802796 -0.1348780701850008 0
 -0.7607363667788056 0.9737536249514169 4
 0.8951347754615255 -0.004163052729467154 0
 0.5200309979357433 -2.145893706287944 0
 -0.402852416242193 -1.972215076255686 0
 0.8654478921516824 0.7414256498472469 0
 2.206965321226185 0.2503391230765183 0
 0.06916461247603198 1.182639979284278 0
 -1.727419388408922 1.638119934340545 4
 0.08716625233192427 -0.1845306424692048 2
 0.09314124032834525 -0.1011494713210617 3
 -0.9424190856710017 -0.1875532495194341 2
 -0.6142967212083387 0.0664136852705986 0
 0.415745106098291 0.3596047194657118 0
 0.4398289338488345 -1.33698663018441 0
 0.9302697753541789 1.393120770602783 0
 -0.188016432492014 2.400857027517364 0
 0.6295840840886548 -0.5518851121849748 1
 0.4588756076003299 0.1416175138019908 1
 -1.575083317045255 0.3370015332171072 3
 0.337792303237449 2.860265275314206 0
 1.440790406454148 0.1391828655620099 0
 0.01847808959081865 0.5354807432838855 0
 -0.2706029903548061 1.603978143362855 0
 -0.5797509225575632 1.026336444210439 1
 0.7711342957424394 -0.390960610627645 0
 0.3660787617187147 -0.1200195612896965 0
 1.48967965063884 -0.5107350544638161 0
 0.538711347151775 0.001653456805248477 0
 0.3411919895798117 -0.1534307521450094 0
 -1.549728173113522 -0.1435864705007438 0
 -1.091039539639251 -1.664808998647788 3
 1.145907020848574 -0.2990713757923843 0
 -2.006797980473582 -0.7925432664021813 4
 -0.273127526380567 -0.9626362175960095 0
 1.276837841281455 -0.7690343944632323 0
 -1.551711550649007 0.7213664092815087 1
 0.2798177587146367 0.3159548500377448 0
 0.6714494832569962 -1.316315711157242 0
 1.047547124493435 -0.2148240799121015 0
 -0.7938765418359768 0.9611511656019075 1
 0.05203866814259765 -0.8872122604148237 0
 0.2194541129809334 -1.123108284952853 0
 0.1147321464964421 1.126732108154073 3
 0.5279283217627095 0.7268325723151307 1
 0.6888524755043144 -0.345772053617258 0
 -0.4324525503988009 0.7571260097580275 4
 0.8034100755696804 0.4572399178352299 0
 1.124722383561739 0.3760401611943656 0
 -0.1147227496655976 0.8937215314777673 0
 1.068636989577022 0.8619861873933808 0
 -0.4712071936277898 0.4113367851482432 0
 -0.1301423643774309 -0.9417750058444683 0
 -1.712421304594152 0.9683672371243319 4
 1.029917304754673 -1.698883844609969 4
 -0.4076255920565042 0.3273781975120067 0
 -0.1004108169667911 0.1571480871296725 0
 0.289249957735066 0.7289503109643879 0
 -0.4904237153949391 -0.3807606757238229 1
 0.2508293418957503 0.4838752944677053 0
 1.258836201425563 0.5981362272902495 0
 0.01768190425580723 1.618325682367672 0
 1.211871509783259 -2.157837206338209 0
 -1.685119521006025 -2.251245835152623 1
 -0.49588240029105 0.2891855833742508 1
 0.8247798228879688 -0.3021221841892912 0
 1.21950260697884 -0.2272756434961991 3
 1.889158717690548 0.3028678326934557 0
 0.550941750585175 0.475530956737027 0
 -1.330788302594973 -0.2174015259265125 4
 0.7804592948646385 0.4348367493437806 2
 -1.158950602185473 0.1847445878865366 0
 -0.2593515931729108 0.3647998332798092 1
 0.05473305218401231 0.9928954174297057 0
 0.3548900126542435 0.845453964723797 0
 1.135728856915574 -1.242046586952243 0
 -2.804869968966576 -0.3620930553804599 1
 0.5844702050511308 0.5310549732609982 0
 1.073406689036351 0.8620829683343112 0
 -0.4767730784221308 1.4940849432911 2
 0.6584596323676767 1.166723916771619 0
 -0.2450396604741044 -0.3717736110682858 2
 -0.4204010431493637 1.984814027351302 0
 0.4521699167071388 0.1305127104971966 0
 0.2012199769919631 1.204273803984516 3
 -1.315306039765716 1.344390227326171 2
 0.4186414622411833 0.07498869397322594 1
 0.4712165904586342 1.609116854483598 0
 -1.292355259060674 1.36679339581762 3
 -0.651347869136544 0.6918439502085659 0
 0.09547107294848646 0.4737317622572376 0
 0.2067858617863044 0.1215256458416599 1
 -0.2289141982554666 -1.286793252084298 0
 0.8989390982201685 -0.3529599237930053 1
 1.453288809633123 -0.418944382118168 0
 0.04432522643875242 0.2732678862828486 0
 -0.4250731360846285 -0.5040683450527462 0
 -0.2735117741926809 0.5494742636078912 1
 1.338391513536449 0.1510570126580141 0
 1.838415760535403 0.598973333386341 2
 0.7577229139560571 -0.4131702172372334 0
 -0.8259317080192659 -0.04309320832680713 0
 0.1801453739241763 0.7297196547555976 0
 -0.4215532769431963 -0.4481588393437982 2
 0.1788678438954956 -1.155843643800398 0
 -0.5449822211478752 -1.049935956451943 3
 -0.7693362247817296 -0.4452717569033312 0
 -0.3088092063976615 0.5332993287766069 0
 1.329904417209251 -1.159818614201543 1
 1.269628274982937 -0.1943467227667934 0
 -0.5245062656886631 1.762332472070441 3
 0.6111106929132588 -0.07713903565293964 3
 -1.391787879022198 -3.336110097365994 3
 0.9277176404651089 0.7443849671610741 0
 1.128466194329617 0.135106099304189 0
 -0.393011946006349 0.06996828602564921 0
 -0.3682335294973486 -0.2284909876956082 1
 -0.8719032241092404 -1.556849285872419 2
 0.003775480628258721 -0.1411785387185253 0
 -0.08191992308805895 1.337617407318717 0
 0.02004410161841753 -1.171726092447452 0
 1.539861705236885 -0.8544022909663167 0
 -0.2897896648119981 0.7117690606035284 0
 0.8710178216066857 0.5053289920208245 1
 1.121874379299642 -0.570400047311956 1
 0.4926007200545868 -0.2440001449168638 2
 2.512207447814587 0.3428488162731465 0
 1.234737619900877 0.02168195111506802 2
 1.321139095763979 -0.2404123522082522 2
 -0.702574508501202 0.6726957291203868 2
 -1.370831374767652 0.4765604638799308 1
 -0.03956085927107365 0.6302524679212562 4
 1.383350186012472 0.04406032562559442 0
 -1.194992313706206 2.288303422334704 0
 -0.3041265451490957 0.2093629161736169 2
 0.9180766810582254 0.7941037433119289 0
 -0.126179769239787 -0.3563879050905061 0
 -1.22185310010226 -2.749677156280021 0
 0.5745198343887457 -0.2534994625936671 0
 0.9022331518093238 -0.1738574018315907 1
 -0.1822697592228283 -0.7464888647841557 0
 -1.300521820577381 1.932094289043531 0
 -0.7164406740737767 0.9814240131664235 0
 -0.4238528047158669 0.1925424810866903 3
 0.3002952658271897 0.218497223906657 0
 -0.3302349112525728 0.7293477639392596 3
 0.6817685360423529 -0.4309896780251085 0
 1.583180121859566 -0.7826658355089897 0
 -1.062422787672474 -0.74918148673048 0
 -0.1993617684896395 -0.3696162327291124 2
 -0.7403011976878897 -0.03429007615267179 1
 -1.117277332679274 0.6070402642457213 3
 0.4171483552118536 0.1460025002005255 0
 -0.1804690948638288 -0.1568800103525928 0
 0.7922658929018295 0.7281973222086406 3
 0.2873698046611356 0.6178737085865381 0
 -0.9870280673640325 0.9463034843356568 1
 -1.329431663756363 -1.009905870372318 0
 0.5135441891164945 1.208350570242337 1
 -0.4983647535601961 0.4008397274924693 2
 0.7043570430043977 -1.006884031499699 0
 1.621825429063667 0.1417672630417681 2
 -0.2171956964565364 0.4768896808062254 0
 -1.558925671401668 1.967230557013177 3
 -0.5831422643816263 0.5654623104893588 0
 -0.9796584870806715 -0.5041585747227093 3
 -1.554252561983087 1.114533913919747 0
 0.234519706944641 -1.127553831321026 0
 0.8061907165393383 0.1379556776425846 0
 0.1054324548458717 0.316580595665765 0
 -3.625248361571044 -3.561830713812614 3
 0.6336589687486962 -0.6186234256670177 2
 -0.4640634188967056 -0.9159322576576562 2
 -1.163256373613434 -0.553265699440887 3
 -0.616628973707787 -0.1560945785657371 1
 0.3864613843080305 -0.4491642936546372 1
 -0.9650504028080115 -1.28252014024904 0
 0.9713659190882874 -0.746159647857861 0
 1.286484362465834 -0.2978015165741137 0
 -0.656794978396002 -0.2589004456251957 0
 -0.2497996343185852 1.659115009223045 1
 -1.736777942692742 0.5651330935630642 2
 0.5693580869289909 0.6312302141209238 0
 0.4934388820260751 0.654113200870164 0
 0.5872914077491052 0.06486504164265552 0
 -1.566965477278512 0.5146560491634045 3
 0.8487672144619344 0.6793254145802059 0
 0.1917752726440399 0.3359996528624642 0
 0.1557905897514179 0.500136062540988 3
 0.5589931320986724 0.307414809654965 0
 -1.307584350371878 0.4154537139514375 0
 0.5995694548333087 -1.832726446271167 0
 -2.608656533005807 0.888961537386435 2
 -0.838709516699633 0.8446280051282284 0
 0.3258384125479087 0.8552262323793025 0
 -1.071063659485377 0.6412927858522518 0
 -0.03087925266988678 -0.1985677030843868 2
 -0.02378087632208845 -0.3682620521865103 2
 -0.6121466121788436 -0.4086895642122539 2
 -0.4625567699849016 -0.450377256944048 0
 1.14943073624999 -0.3433165338439711 0
 0.2674411968880437 0.7507169139723584 0
 -2.220614259272303 -0.4598407816033826 2
 -1.262700626772458 0.6712318096023532 0
 -1.328431576162383 0.3308496260595586 1
 -0.4162250555386116 0.5524691999404955 0
 0.9630109702976096 -1.230857584984194 2
 1.586831902496689 1.430718341439073 0
 -1.833327107760537 -1.22326669703362 1
 0.3497630436844609 0.1267697046922666 1
 0.7622601104256069 1.867364694537815 3
 0.3642916246263757 0.3823593978845008 0
 -0.1367745804148488 0.7102302477688331 2
 1.750931165812581 -0.4047045743444106 0
 1.937496170503145 -0.7903378660763352 0
 -1.436176166259636 -0.2104771942570635 3
 -0.353272944772526 -1.872871853026791 0
 0.343870167298771 -0.396129530839436 0
 -1.426229394308055 -0.8212761803413493 3
 0.9355883326087888 -0.118620331129449 0
 -0.7778923136872192 0.7716954372436577 0
 0.7735584630999792 0.5391737750053521 0
 0.525214036762139 1.119713131131539 0
 0.2675616003079269 0.2221718928482894 0
 -0.08060570611088771 -0.09347792263635214 1
 -1.668659982094421 -0.7535201491422604 0
 -1.65547685887528 -2.970233150719292 0
 -1.209215698085089 -1.108039456354647 0
 -0.8807397865794511 0.07263286149752241 0
 -0.5650255568425139 -3.182501967934056 0
 -0.7496920806258484 -0.1734085855166652 1
 1.092291494877172 3.042810948335982 1
 -1.594540373487177 -1.448932977771159 0
 -0.3121853423659198 -0.3171231421309526 0
 -0.6207277610426142 -2.414310869369356 0
 -0.1202810488757756 0.3479704582383216 2
 -1.397072501210186 0.622355876120383 2
 -1.17093042393645 0.2710553988745865 2
 0.8955218845228233 -0.1504948525115061 2
 -1.21570211098267 -1.40819359809919 3
 -1.74334745305189 -2.363276784188205 3
 1.254203210813599 -0.5671860036029175 0
 -0.4397531381038708 -0.3202547521901521 0
 -1.033870277020641 1.802653401981957 3
 1.057980500643689 -0.4196397803167601 0
 0.1017881460720714 -0.2103969206326239 0
 -1.40089626598962 -0.738679642817155 0
 -0.4068060239515047 -1.349856894033511 0
 -1.283006009093491 -1.295922645716314 0
 -0.5238793009509557 0.3585869552281038 4
 -1.431179038818879 -2.806914035623881 3
 0.8872559908928761 -1.140383817865963 1
 0.2326900488858367 1.495721027711033 3
 0.2989523949118866 0.2162733937874799 0
 -0.5030084170463383 0.8295350280656341 1
 -2.430872244167969 -4.585999653197827 1
 0.4757348531490513 0.5090298685088311 0
 0.3655364545044393 -0.1650094953472598 0
 -0.4915653900354349 -1.092845181853279 0
 1.169074598205044 0.2680391637855435 0
 0.354878606898427 0.1430431828866983 0
 -0.6264628171309662 0.6595678299282226 0
 -0.4632861057249821 -0.4093065003203852 3
 -1.049071163522703 -0.1983264279591823 0
 1.822203503039367 0.2498707018238001 0
 0.3430126740746588 -1.17342788749853 2
 -2.098863045359265 0.5020568693361759 2
 -2.606230757834932 -0.09882567637099776 1
 -0.5833253720789284 0.3759076604199373 0
 -1.255425551107332 1.188618035258223 2
 -3.174969543109949 0.2405445286187434 0
 -1.959364540312576 0.617305133829483 3
 -1.648805258313734 -3.638170789064561 0
 0.8774737266403031 -0.8014865776555365 3
 1.761326517738695 -0.3045668375865568 0
 0.5049570871335426 0.06932245653374408 2
 0.1076413557328071 -0.3320727741261051 1
 0.6892744799555565 -2.378762452405674 0
 -1.409716029406504 -0.8612484253592683 3
 1.205541289298016 -0.3661609461060187 0
 0.5678640817171687 -1.537936428972615 0
 -2.34346304036758 1.154481566349533 3
 -0.3334645751184626 -1.533417901271134 0
 -0.2419551216255571 -0.1507394950177205 3
 -0.4218884746803564 -0.7381264044134008 1
 0.420587365338367 -0.6085767944673585 0
 -0.4038791369203104 -1.7501873470231 0
 -0.1120939242940835 -0.6302758069432857 0
 0.6750883425732915 0.6733190616272593 2
 0.3550629479599128 0.1934289815254323 0
 1.435467746827058 -0.3404935196823102 0
 0.5883252057697281 -0.1148724112234935 0
 -0.2654487047225406 0.7442763721200791 0
 -0.01368970905567168 1.797903427357323 4
 1.28074183451416 1.089670522073792 0
 -0.7492828851754431 -0.4465394779425587 0
 0.2729008891075069 1.272898784949488 1
 0.5216545108957523 0.419228536397407 3
 -1.00089805310826 -1.075878244837707 2
 -0.1458186338189996 0.2321931038056499 2
 0.0323352385034326 0.1298451895914154 1
 -0.3730424943041143 -0.5492731370287175 1
 -1.528159873888743 0.2238222341093868 2
 0.181840297789961 0.2616645752953647 2
 -0.00613550550999864 0.05833464069484195 2
 -1.297086292261699 -0.5010830898235601 2
 0.09282286171617646 1.279701165940258 4
 0.2277202888117078 -0.4727118458412434 1
 0.2446216047970537 0.5893601034165938 3
 -1.103257279301004 -0.4194290087165191 3
 -0.8948603008742664 0.9018823808507891 3
 0.03000188798412937 0.3074305487938449 0
 -0.7446558508617906 -1.446285285372602 3
 0.6746000958738039 -0.6821927502400643 1
 -0.2442884721448606 0.02684586418470871 0
 -0.3373142962603912 -0.02704633650382032 0
 -0.657484647411128 0.4267454000236515 3
 0.491615297014583 -0.2922648979899611 4
 -0.8477938012303911 0.4010008246255579 2
 -1.562167809086704 -0.91502490258622 2
 -2.41651514052756 0.1496639928142557 2
 0.574370327977227 -0.9154947427154796 2
 -0.4718421946304718 0.8076606938266033 3
 0.1606403984873266 0.3345199942055507 3
 -0.8560596948603386 -0.5888881407288996 2
 0.2956171590327665 -0.1287428395255829 4
 -0.4531343127469584 -1.66590972198189 3
 0.968943513408254 -0.0633832604273073 0
 0.3399807794318879 0.4656669449026937 1
 -1.105511296370399 1.047306528536279 1
 0.7734791296500703 -0.7499764030450164 1
 0.2347996738195264 0.2836822546018365 2
 -0.1320676482496347 0.3206495659034618 3
 -0.7598161740082279 -0.7154711083647951 1
 0.05464231297828709 -0.9986655424577617 2
 -1.229677950940955 -1.173133369132375 1
 1.191012143954448 0.05723441318744416 0
 -0.6322107369792983 -0.7970132222327792 0
 1.016971949486165 -0.3467457869193818 1
 0.2684847166194881 -1.223361745172284 1
 0.1319122520015136 -0.7204628839266344 2
 -0.5667921738149007 0.65822295991461 1
 -0.3466873650625591 0.03872001128071292 1
 -0.9010364029330014 -1.622332902125456 2
 0.6746794293237128 0.6069574278103044 1
 -0.5142419932357405 0.9533715316469754 2
 -0.5059262590128686 0.8566385837139111 3
 -0.5166546772049527 -0.1581932872009636 3
 -1.957110523243182 -0.8494304034233152 2
 0.735496914536953 0.194532333682885 3
 1.016089346502038 0.7248853613978303 0
 -0.8524605022689977 0.7561715430304171 2
 -0.5487440159323802 1.30921468505864 3
 -1.788738915173322 -0.6128810774271222 1
 1.019450538743653 -1.797505488993958 1
 -0.6574449806861735 1.071320489048836 3
 0.1743517173317371 -0.2215986327218218 3
 -1.45756012442293 -0.5275001002284601 0
 0.6255697744360763 -0.9214318162634816 3
 -1.352748547536019 0.5721905715234749 1
 -0.3200434515495945 0.1173196313029391 3
 0.1508184675097993 0.02884214539079341 3
 0.3274163024846519 0.6107053477162594 3
 -0.4090212208984246 1.779931310973017 3
 -1.275965726408974 -1.863088686784115 3
 0.04387743232672164 -0.1810972977645377 2
 0.277159805699841 -0.5066036722437195 1
 0.1312142722796989 0.06206153678646319 0
 -0.4867796888219655 0.4857093668174143 3
 -0.8697710137047492 -0.03276951380152698 2
 0.1912133665921285 0.1958982275108311 3
 -0.5981173453314109 -1.558710535704247 2
 -0.8944511054238613 0.6287514884248953 3
 -2.031150798400518 1.135132603255952 4
 -0.5990401794421457 -0.4526694239265231 3
 2.451350295876392 0.1106988213753816 1
 -0.9875574401934895 0.4166824163797281 2
 0.1746832633772287 0.7128722849175075 0
 0.3481476777575939 0.3997164492999014 2
 0.1343921931504651 0.2850635986824898 1
 0.1470682483619475 0.7673021319695421 0
 -1.302263826871447 1.060972074091948 3
 -0.6350070481989765 -0.08364815709947243 1
 1.008417097048504 1.036975618591071 0
 -0.5845308720410368 1.068501245053764 0
 -2.009414392765927 2.625992983931174 4
 0.5905172514433419 -0.003279306366351098 1
 0.695304839614431 0.8225631084051169 1
 1.295582914001592 2.214015127187516 1
 0.2934252225754977 1.437349903349208 3
 -1.599878204282593 1.328389099749125 3
 -0.0007655389656187062 0.392929807448011 1
 0.5820225180274522 -0.2185755629154211 0
 -0.8508554739591329 2.423631196115157 2
 1.094957687022465 -0.1872980977615975 0
 -0.1898975084000836 -1.106415583637961 1
 -0.8227567091376606 0.08917928967065653 3
 2.140704999006804 -0.6196641284222051 0
 0.2020042629453143 0.5343885841475184 2
 0.1909817201651755 0.4435551787603245 3
 -0.1370326369887533 0.883450380382747 3
 -1.641395956546275 1.846261498723361 1
 -0.7257141862736949 1.118121706628358 2
 -0.5039424324238801 -0.2510931548967064 1
 -3.486239169659863 -1.840473575363891 0
 -0.1427940394559201 0.1880280393380316 2
 -2.316091475159531 -1.304741558367496 2
 -0.6883598325289548 -0.5098604311809685 2
 -0.05160141292184306 0.04183102819929364 4
 -0.4111040428671403 -0.8939145783511844 2
 0.1551073291162663 0.688255983501263 3
 -1.183646933211726 1.46044687334809 1
 -0.5444899328913705 0.8463042929376627 3
 -0.4166880208944538 0.6293643116801455 0
 0.5489408411147255 0.7961064531279043 1
 -2.34067038083957 1.085619853785953 3
 0.9479908839335331 -0.7063008845878639 1
 -0.2796193325756577 1.191671352408602 1
 -0.9228037668859117 0.8211306671648431 3
 0.3832791365757757 -1.179325329624249 1
 0.07811145527778598 0.4950642964357541 0
 0.08958892559697007 -0.6513805494777547 3
 -1.70070577946804 -0.9232604847272419 1
 0.4685652357763139 1.388800102987606 0
 0.245389087041611 1.212641219300424 2
 0.8226946949117584 -0.487024661848368 2
 0.4346116863899706 0.3001235555643608 3
 -0.8748708989095826 0.3216838400487587 3
 -0.1354673300120153 1.067492020576336 1
 0.3104069399985961 0.9799128762317502 0
 -1.211968020373792 0.298175077686202 1
 -1.026980512650977 1.648217523503481 2
 -1.119019338973339 -0.2640819507058612 0
 0.8746549968779858 -0.001788223310266346 1
 -0.8342928375217786 1.517137496104185 3
 0.6748022495192583 -0.5798836258498796 1
 -3.070336747058851 1.657839524374843 3
 -0.5845308720410368 1.068501245053764 0
 0.4110093316697518 1.094798244157437 0
 -0.8336243505814629 1.084579151030765 2
 -2.119934561137037 0.06198442002322807 0
 -1.137625021438109 0.2908267967380276 4
 -0.07061915208620256 -0.4959080133527852 0
 -0.02748445906700325 -0.4676610165509981 3
 -0.1705699665630509 1.603789991408724 0
 -0.2259180378460068 0.7440557502347793 3
 -0.3630531336384176 -0.4247674701892558 1
 -1.293732233371614 1.393907662110308 1
 -0.07444707524714039 0.6113108594252196 2
 -0.1881326905943852 1.169528194987819 2
 -0.6201330456237413 1.836408595501966 3
 -0.6692349511026974 1.196048891643778 2
 -2.404777365187823 0.6477659499167275 1
 -0.03372287546232244 0.2009939863488438 1
 1.264975674021168 -0.5934383754950268 0
 -0.3851488394468322 0.8354622191174286 3
 -1.233248375722351 1.051696549105717 1
 0.7685820686050439 0.3995638076475388 0
 -2.030108455873263 0.2920272508050401 4
 -0.175677944192854 -0.04098271816801058 2
 -1.627375903168006 0.8197922257611208 3
 0.695304839614431 0.8225631084051169 1
 -0.6895756155753783 0.2362443080336308 1
 0.3769971242184745 0.2876350572542113 1
 -0.4902076315534838 1.290387514302203 1
 -0.5743018817397624 1.266890176338818 0
 -1.301544719682994 -0.8134827710625435 3
 -0.8336243505814629 1.084579151030765 2
 -1.945136322457855 -0.02868221953096417 2
 0.2382531254873439 -0.2669244193847941 0
 -0.4567953675177348 0.2450450841006675 0
 -1.733647328739266 0.9332163739502418 4
 -1.078427229013225 -0.3558105268553423 3
 -0.1943858806845401 1.593744773774516 1
 -0.8649071017883576 -0.6467248904759046 2
 -0.1273010476679752 -1.578131450590143 1
 -0.3343645992693868 0.8244832427837117 2
 -0.7060577959668077 0.4620719555352739 1
 -0.6549943140370025 0.3307084088063673 4
 -0.277334918410467 -0.4987418525523009 3
 0.7509013033213163 -1.003291924051379 0
 -0.2047181385433723 0.6712003313245933 1
 -1.811113917342269 -0.07110974159121519 3
 0.2015521965799674 0.4117073498925139 3
 0.992919217025577 0.5551460827479399 1
 -0.1836355553706058 1.161371633454446 0
 1.40975329268567 1.179749987895958 2
 0.2136812440934588 1.4798458766662 1
 0.9664802637990777 1.105791344671793 3
 -1.623091313814855 1.810890013663971 1
 1.696785281160886 -0.6602171185622601 1
 -0.3723772660864728 1.153826723353751 3
 -1.928356251914889 0.3135587567931462 0
 -0.04460630413160249 -0.8520188320676985 3
 -0.5417783999236385 0.7653309004313266 2
 0.9887754804364526 1.937463793797299 0
 -1.591956439658142 1.812369672320885 3
 0.1211804659458962 1.448415769860014 2
 1.16323824375763 -0.3705314573699883 0
 -0.243987323195165 1.184994449532143 0
 -1.408888651077362 -0.1997649272349177 2
 1.385422054307034 -0.6470985298990853 3
 -2.834477518826511 1.672645825246623 2
 -0.2855654721769491 -1.35121470295516 3
 0.3336716833096376 0.8594897178993379 4
 -0.7923489799861969 0.8047306539210091 0
 0.6404056851150073 1.17311598769643 4
 -0.7088645586753001 0.9792729764377945 1
 -0.1815864985876768 -0.9346087857444307 3
 0.2045240344927666 -0.7504574065754104 1
 -1.611437144178343 1.351525742508456 3
 -0.896736135570718 -0.2605082821778885 2
 -0.358121855325942 0.5329246646294848 2
 -0.5712299258512205 1.916486817246015 2
 0.7620717231516368 0.8173658641855714 4
 0.07713417919543891 0.5591303636780744 3
 0.6960467583145165 0.3529298269248225 4
 0.04216261893846496 -1.027134218079939 2
 1.305398834072635 -0.4842179861869034 3
 0.3496613509555531 0.221680333911056 3
 0.1747419214421627 0.4313589243974881 0
 -1.212577849249174 0.4492200622396021 3
 1.496937422037141 1.009676504669432 0
 0.6438739104776604 0.866947737822944 2
 -0.7383824920764965 1.523912713556904 1
 -0.1614583799856245 1.02445014730194 1
 0.7136453288991517 -0.8991433008484895 3
 1.144816284896343 0.2278667487294403 1
 -0.1938575213857253 0.3193915860669383 2
 0.08984709449086442 1.159008228434417 2
 -0.50720513620206 -0.3005881383569896 1
 -0.5361638609760113 1.534903114289792 2
 1.285371846976968 1.172458733805354 4
 -0.4812727442933848 0.02396709543742592 3
 0.003474440894908171 0.3783587236659738 1
 1.137482551166283 -0.008006116406410357 2
 0.2662285634234351 0.4092157669767048 1
 -0.9148820022614608 1.305111239736603 1
 -1.60877724498939 0.9084745944196859 2
 1.106560222880198 -1.008740124499547 3
 -1.105145423992084 0.3152193054637005 4
 -0.4497982316662101 2.959143735160689 3
 1.337547844395639 -0.4291650633030205 2
 0.4195736221410707 0.8290047941918327 0
 1.260721645588331 0.7083149404919178 0
 0.02825988169006377 -0.5636916661577374 0
 0.8539100251143965 -1.166211055700783 0
 2.166740658473036 0.4290466165370792 0
 0.02939593381308792 0.902490303455044 0
 -1.196345074812316 1.105007432704892 2
 0.2646045983817631 0.5066874873031353 2
 0.4442705690735044 -0.5927626826836025 1
 -1.208999332042807 0.2236162074285306 4
 -0.7953911000769511 0.9163644605855554 1
 1.068408441952253 0.2827827690998405 0
 -0.8160257799968273 -0.1674939767425465 1
 0.8973067617318307 1.116439489120974 4
 1.32906086038843 0.2435682203635077 0
 -0.7018912478660505 0.4845758081601118 3
 0.1389518611435187 0.4394084467368969 3
 -2.077805966467331 1.197041292159098 0
 -1.170472066091101 0.1794553707012754 4
 -0.4155776414567609 2.050684203174437 1
 0.353313299921689 -0.04099845730689049 4
 -0.4057248613017745 -0.5299095787306929 3
 -0.0497273168030738 0.5943649462239815 3
 -0.3410656926124319 1.842386956768659 2
 1.037296379307173 1.686124674117124 0
 0.879820619042081 -0.4425031299170582 4
 -0.1096529793557337 0.4234533190927386 2
 -0.3285995404550843 1.334286825449928 3
 -1.765206229753038 -0.1843368030540405 3
 -0.833343989336732 -1.311544712718274 3
 0.6308654626182069 0.4687158656251076 3
 0.1020594046158064 -0.6523217067228999 3
 -1.403414239771235 -0.2719875560106105 0
 -0.4891130393412687 0.6632947260198438 1
 0.559676392733824 0.11929488869469 3
 1.251829629167688 -0.3551906809399753 1
 -0.9093489328904004 0.9513752504408906 2
 0.6192674203991544 -0.8317076331264428 2
 -1.025168949376967 -0.6874881350371786 2
 -1.13939410839348 -1.347509969301219 2
 -0.6288358343752242 0.1925781001054675 0
 1.776224345205234 -0.6271905996025522 1
 0.5930712402582434 0.819107048422016 2
 -0.8835219992741139 -0.1212259758993385 3
 0.5345876699659595 0.3749617308613089 0
 -0.6350585727614104 1.231959935050027 2
 -1.00163569955503 -0.9379289131497943 3
 -0.2345458746172421 -0.9566264650509028 3
 -0.3828644252816415 -0.8549509858434745 1
 -1.848369891764434 0.03303888161167423 3
 -0.4338203127924002 0.5077270461238863 4
 -0.5725406580648855 -0.1193730397606945 0
 -0.8285186213983077 0.911584924977605 0
 -1.653643436653846 1.197073882160145 3
 0.004095620917933862 0.09088159708370541 0
 1.689520990689929 -0.7880119651583769 0
 -0.636652865829812 -0.4258666686496995 0
 -1.946919063540204 -1.461458536059636 1
 0.6784897659415137 -1.883481752225042 0
 0.8021676094109287 -0.339568613938016 0
 1.487873535270513 0.2093518161936571 0
 -1.443031825681842 0.06758211920662244 0
 -0.09482307958328662 -0.4859098391365263 0
 1.56014747565629 1.726021211120208 0
 -0.976836607661054 0.3342753516993363 3
 0.6428802858718276 -0.1324907594315379 0
 -1.814605515514564 -0.1848549401120779 0
 0.8378561407296972 -0.4619169024383035 0
 -0.2070042367535581 -0.1351384518300951 0
 -0.9413067432421033 -2.366373292901688 2
 0.4813249527000453 -1.63116701415945 0
 -0.4868193555469197 -0.1588657222077696 0
 -0.7230085003879292 0.5497661235307453 0
 0.2557755653357208 -0.4841340519722673 0
 -0.8132906497304456 -1.312812433757501 0
 -2.981180196874208 -0.3223764792993993 4
 0.1811679922298143 -1.483725561453541 1
 -1.004338578799784 0.1573624275037127 1
 -1.410783820054596 1.178474503047755 0
 1.022925172561766 0.1245385034215519 0
 -1.372655801801642 -1.71819362903799 0
 0.8516071262990618 -0.3734604403404921 3
 -1.48976846332522 -0.9938173950444085 4
 -0.6943993540769798 -0.3289762654126229 3
 -0.2081910275765134 -0.02914079049862399 0
 -0.3027726068387975 0.2616855991096985 0
 0.1435938437637963 0.5456223878198608 0
 -0.9399615677201569 0.445421928110426 0
 2.271680899533814 0.5233553624259553 0
 0.1265079045161381 -0.2273428338338619 0
 -2.072811539554885 -0.5545685218258318 2
 0.7688124286114637 -0.3948056846401577 0
 -0.2145324839367367 -1.262976748872466 1
 -0.2923370237860756 0.3274133724070396 3
 -0.3961665486756467 -0.5719632513419954 0
 -1.138945810619773 -0.2970807202162316 1
 1.818867702758594 0.5838395209964343 0
 -1.118524635492995 0.8209007347505539 1
 -1.206842963041658 -0.3015572002890438 3
 2.13121961145061 1.209065646928038 0
 0.9081263103958404 0.009549307457263789 0


