# Created by Octave 4.0.3, Tue Jan 31 21:07:58 2017 GMT <unknown@KoolCards>
# name: Z
# type: matrix
# rows: 1206
# columns: 3
 -0.5958271438984832 -0.2807457897163795 0
 -2.024856298098323 0.1620602601661113 2
 -1.444483998083055 0.005868860849729221 1
 2.170583177276508 -1.403691293063705 0
 2.293300144175993 0.9680443601647406 0
 0.6475005592514882 -0.7172416784919107 0
 0.5531649204927123 1.742018657406595 3
 0.9714309417779512 1.55667653629924 0
 -0.678737472472093 -0.2584327326711821 2
 0.213068122480791 -0.6439923462493586 1
 -0.2486738650269348 -0.4615052952275046 0
 0.7621343184082443 1.598447580304133 0
 -0.3474233836318286 -0.4494849939495414 2
 1.314170340803382 -1.071323003832428 0
 0.4735966943615395 -0.7286619588339176 0
 0.4698823159443497 -0.6548851229525491 0
 0.9077019056780622 -0.9037113241740393 1
 0.2841808648944815 -0.6485749618455894 0
 0.9117885600700054 1.441728677348934 0
 0.9235410957093462 -0.893418568406805 0
 -0.8287189395880286 -0.203513862813553 0
 0.8767230270444221 1.596720034793404 0
 0.01589631072517828 -0.5181517105958627 1
 0.3751744012108206 -0.614841624458385 3
 -0.8920756997131642 -0.2446848858824899 4
 1.302745030618215 1.36562427502088 0
 1.153090788956455 1.522343177976079 0
 -0.9864113384719402 2.214575450016016 0
 1.325967926963301 -1.089053445281395 0
 -0.04811490030830656 -0.7629227998599387 3
 -0.1650640350243976 2.03719851822921 0
 -0.1182459663594734 -0.4529400849709994 2
 -0.4418040729111831 -0.3076414623578078 1
 -0.02353805162594436 -0.4929835834651635 0
 1.479990997950601 -1.115949117922823 0
 1.58649649884405 -1.173723057865954 0
 -0.0835076587880646 -0.7097314755130386 3
 -1.243597807910252 -0.1937486106851353 1
 -0.5567200070015352 -0.4077139499446483 3
 -0.8209629572994739 -0.2492675014787206 0
 -0.9193401999296144 2.181969637203585 4
 1.720638775928701 -1.238934683490817 0
 0.004798225994186445 2.020595601355016 0
 -0.1340851563907572 -0.4632328407382336 0
 0.8689670447558673 1.642473673458571 1
 0.1540801916811945 -0.5553401390045252 4
 -0.5371664385530612 -0.4711980300587826 0
 -0.3319114190547192 -0.5409922712798767 4
 0.2690411762921252 1.862149152889088 0
 0.1301577939071812 -0.6216792892041613 0
 2.18275303941118 0.9977951028916705 0
 -1.006337182895167 -0.1411573072741914 0
 0.7614348169793168 -0.9225692901977787 2
 1.72872198367143 -1.182888289058416 0
 -0.5604343854187253 -0.3339371140632796 1
 -1.125294720856884 -0.2692529920772329 1
 0.6353757476373945 -0.8013112701405135 1
 1.10083211356231 -1.057575157043736 1
 0.06308665536485547 -0.5890734763917296 0
 -0.4818928861706547 -0.4860734014222475 0
 0.7934854730166376 1.517233058741032 2
 1.626303137169925 1.220325652407689 0
 -0.7855701988197159 -0.3024588258256208 1
 1.366101790743351 1.406795298089817 0
 -1.014747616092071 -0.2990037348041629 2
 -0.6157079378011319 -0.3190617426998147 2
 -0.2564298473154896 -0.4157516565623369 1
 0.4223647458504977 -0.6857633902542518 0
 -0.6039103516412124 -0.3367921841487814 2
 0.4614718827474457 -0.8127315504825204 1
 0.02031019057129596 1.92908832402468 0
 -0.5048336075821441 -0.2470124523291751 3
 -1.938231591107523 0.0659703672395453 1
 -0.508875211453509 -0.2750356495453761 1
 1.424717445568195 -1.101073746559358 1
 0.1032205191449057 1.906775266979483 0
 -0.6433447139923351 -0.3116240570180822 1
 0.7934854730166376 1.517233058741032 0
 1.239343219972501 -0.992963552354829 0
 -1.338305722643781 -0.1537051121909712 3
 0.5561797974809748 -0.8527750489766847 0
 0.6869799721231894 1.575006998684163 0
 1.89825701923584 -1.301291239030179 0
 -0.9311828366101123 -0.1177167256542212 3
 0.7499644562735719 -0.8030388156512425 0
 1.507627774141804 -1.123386803604556 0
 0.643131729925949 -0.8470649088056812 0
 -0.08684976123050148 1.783262197772672 0
 1.156805167373645 1.44856634209471 0
 0.9869429063550603 1.465169258968904 0
 -0.7694037833342574 -0.1903660369608171 0
 0.1386132776246636 1.853583942632583 3
 -0.6393031101209705 -0.2836008598018813 0
 2.174997057122625 1.043548741556838 0
 0.8177350962448253 1.685372242038237 0
 0.4459599181703362 -0.7212242731521852 1
 -0.5486367992588059 -0.3516675555122464 2
 0.6043968690037542 1.69912008882693 3
 0.3630495895967265 -0.6989112161069877 0
 1.405163877119721 -1.037589666445224 0
 1.578740516555495 -1.127969419200786 0
 2.012518502417843 -1.404818817638477 0
 0.860883837013138 1.58642727902617 0
 -0.8795786121243174 2.258601543170455 0
 0.03916425759084229 -0.6554126265913657 3
 0.1736337601296685 -0.6188242191186595 0
 0.004098724565258949 -0.500421269146896 2
 -0.1934003126445283 -0.4763806665909696 1
 -0.7380526287258641 -0.2715805585239181 2
 0.7375124192053036 -0.9889084403974148 3
 0.2333211923581927 1.813540444138419 1
 -0.2921498312494221 -0.4643603653130063 1
 1.24742642771523 -0.9369171579224271 0
 1.164233924208025 1.301012670331973 2
 -1.187951979553092 2.210592855355742 2
 0.382275932591026 -0.8641953293186916 0
 0.1540801916811945 -0.5553401390045252 0
 2.972094737341981 0.6980326264728256 0
 -1.093289115340142 -0.1468674474451949 3
 -1.36561527338081 -0.04446739341166914 2
 0.4102399342364038 -0.7698329819028547 3
 0.3202731248031669 1.819250584309422 4
 0.01556908527100365 -0.6199517436934322 0
 -1.137092307016804 -0.2515225506282662 3
 -0.0666867923942569 -0.3940386204530957 1
 2.1079259185803 1.07615455436927 0
 0.2093987945841795 1.747201293938782 3
 -0.6554695256064289 -0.3956936486666851 3
 1.231260012229772 -1.049009946787231 0
 0.6360752490663221 1.719705600361398 0
 -0.07509722559116072 -0.5518850479830671 0
 0.3195736233742393 -0.7017662861924895 0
 3.121703928483163 -1.776103080789146 0
 1.203950461492743 -0.9397722280079288 0
 1.965700433752919 1.085319785561731 0
 1.050299666480196 1.506340282037841 0
 -1.756244518474845 0.1334370420139542 4
 -1.82768448634271 0.03621962451261534 3
 0.7294292114625743 -1.044954834829817 1
 0.6512149376686783 -0.7910185143732793 0
 0.05937227694766545 -0.5152966405103609 0
 -0.07881160400835086 -0.4781082121016985 1
 1.081605770568011 -0.8922910438320322 0
 -1.187997030073671 -0.1068239489510308 1
 -0.1499243464220412 -0.4735255965054678 0
 0.532584625161136 -0.8173141660787513 1
 -0.9119564936158128 -0.283000838865925 4
 1.681204413577579 -1.213766556360118 0
 1.164188873687446 -1.016404133974799 0
 0.6873071975773639 1.676807031781732 0
 0.9157851134207914 -0.8476649297416373 0
 0.8443901960735052 1.372534457063796 0
 0.2178092277810832 1.905047721468754 0
 -0.197441916515893 -0.5044038638071705 4
 -2.155284196765784 0.1534950499096061 3
 -2.198432937534097 0.2524400129216739 1
 0.8446723710071011 -0.8430823141454067 1
 0.319900848828414 -0.5999662530949199 1
 0.158121795552559 -0.5273169417883241 2
 -0.9035460604189091 -0.1251544113359537 0
 0.7102028684682749 -0.8796707216181128 0
 -1.203181769196605 0.08648336147687402 4
 1.034460476448912 1.496047526270607 0
 -0.2287480206037077 1.894227462062703 0
 1.101159339016485 -0.9557751239461667 0
 0.30406165879713 -0.6102590088621542 0
 0.6670541276999622 -0.780725758606045 0
 1.062097252640116 1.488609840588875 0
 1.447985392433859 -1.238334662554861 1
 1.08536519950578 1.351348924593372 0
 -2.115522608960487 0.2301269558764765 3
 -1.002950029932152 -0.3167341762531296 0
 0.2845531408692345 1.770641875558753 1
 0.4702545919191026 1.764331714451793 0
 -1.160360253882467 -0.1142616346327632 4
 -1.90688043649913 -0.01524415432355575 1
 0.05904505149349085 -0.6170966736079304 0
 -1.369984102706349 -0.1742906237254396 1
 1.077236941242472 -1.022114274145803 0
 0.7105300939224495 -0.7778706885205433 0
 0.8524283532956558 -0.8888359528105743 3
 0.6792239898346346 1.62076063734933 2
 1.58649649884405 -1.173723057865954 0
 -0.4657264706851962 -0.3739806125574438 0
 0.7149439737685671 1.6693693461 1
 1.011192529583248 1.63330844226611 0
 2.028684917903302 -1.292726028773674 0
 -1.626143845261558 0.04020221917288985 2
 1.251468031586595 -0.9088939607062263 1
 -1.108801079917251 -0.05536017011485957 2
 0.6353757476373945 -0.8013112701405135 0
 -0.5648032147442645 -0.4637603443770501 3
 0.55213819360961 -0.8807982461928856 1
 -0.939220993832263 2.143653684220149 2
 -1.092916839365389 2.272349389959147 0
 -1.555031102847868 0.03561960357665914 3
 -1.5233527227853 0.05620511511112764 0
 1.472280066182625 1.247221325049117 0
 1.413292135383029 1.33587353229395 0
 -1.018461994509261 -0.2252268989227942 1
 1.330381806809419 1.358186589339148 0
 0.2532019862608412 1.851856397121854 0
 0.4422455397531464 -0.6474474372708166 0
 -0.3271703137544269 2.008047796438236 0
 1.049600165051269 -1.01467658846407 0
 0.5285430212897715 -0.8453373632949521 3
 -0.8132069750109191 -0.2950211401438883 3
 -0.3871849714371257 -0.5261168999164118 3
 0.07892584539613945 -0.5787807206244953 0
 0.3873442633454928 1.78664477149699 1
 2.50631114596289 0.8524964802784789 0
 1.965328157778166 -1.333897051842611 4
 1.377199875474343 -1.131952013861061 0
 0.4230642472794253 1.83525348024766 3
 0.418323141979133 -0.7137865874704526 1
 0.2053121401922363 -0.5982387075841911 0
 1.957944451464364 1.131073424226899 0
 1.405208927640299 1.279827137861548 0
 -0.6311748518576625 2.089862338937293 0
 0.5568342483893238 -0.6491749827815456 0
 2.293300144175993 0.9680443601647406 0
 1.283191462169742 1.429108355135015 0
 2.620899854599068 0.8507689347677498 0
 -1.445138448991404 -0.1977312053454099 3
 0.7348247676712156 1.707685299083435 1
 3.315533637796339 0.5910499568430692 0
 0.2838536394403068 -0.750374994943159 0
 0.5494505420755221 1.815795493287964 0
 -1.152931497048087 -0.2618153063955004 3
 -1.294502530967119 -0.04905000900789991 2
 1.4726072916368 1.349021358146687 0
 -0.1657184859327466 1.83359845203407 2
 -0.3201138328947999 -0.5587227127288434 1
 -1.329523013472124 2.423358152743342 0
 1.172644357404929 1.458859097861945 0
 -0.9318372875184614 -0.3213167918493602 3
 -1.425257655088755 -0.1594152523619747 2
 0.378561554173836 -0.7904184934373231 1
 1.480363273925354 1.303267719481519 0
 1.144308079784798 -1.054720086958234 0
 0.9626482326062942 -1.020386728635074 0
 2.044569158455164 1.034983531300333 0
 1.508000050116558 1.295830033799786 0
 -0.5998687477698479 -0.3087689869325805 2
 -1.081446478659644 2.152818915412611 0
 -3.047417017172843 0.4372546303902131 2
 -0.09465079403963472 -0.4884009678689328 2
 -0.4070657653397743 -0.5644328528998469 1
 0.6394173515087589 -0.7732880729243126 3
 -0.8051237672681899 -0.2389747457114864 0
 -0.8566829412334063 -0.29787621022939 0
 -1.504126379791 -0.1090789981005763 1
 -1.906553211044955 0.08655587877401374 0
 1.208037115884686 1.405667773515044 0
 1.602335688875333 -1.16343030209872 0
 2.253865781824871 0.9932124872954395 0
 -0.2796527436605752 2.038926063739938 0
 -1.601849171512792 2.525758206776868 0
 -1.258782547033186 -0.00044130025723043 0
 -0.4421312983653576 -0.4094414954553772 1
 1.456440876151341 1.236928569281883 0
 0.6003552651323896 1.671096891610728 3
 0.9913117356805996 1.594992489282675 0
 1.203623236038569 -1.041572261105498 0
 -1.152604271593913 -0.1600152732979309 4
 0.1217473607102776 -0.7795257167341326 2
 0.30777603721432 -0.6840358447435227 2
 -0.7697310087884319 -0.2921660700583865 2
 1.803549104502311 -1.261247740536015 1
 0.8126667654903588 -0.9654678587774447 0
 -0.7933261811082706 -0.2567051871604532 1
 -1.1286818738199 -0.09367612309829479 0
 -0.2847210744150419 -0.6119140370757434 2
 -1.017762493080334 2.295789971579117 0
 0.004098724565258949 -0.500421269146896 1
 -0.5247144014847928 -0.2853284053126103 0
 0.06378615679378308 1.931943394110182 0
 1.87470689743658 1.051586448174527 0
 0.1935145540323171 -0.5805082661352243 1
 0.01998296511712144 1.827288290927111 0
 -0.3868577459829511 -0.4243168668188422 2
 1.278777582323624 -1.018131679485528 0
 0.1935596045528956 1.736908538171548 3
 1.945447363875517 -1.372213004826046 0
 -0.157680328710596 -0.4277719578403002 2
 -0.5368392130988866 -0.3693979969612131 4
 0.4345346079851701 1.715723005701123 2
 -0.4262921083340737 -0.399148739688143 0
 0.2329489163834396 -0.6056763932659235 0
 0.398769573530659 -0.6503025073563183 0
 -0.8641116980677863 -0.1503225384666529 1
 1.188483547436213 1.469151853629179 0
 0.5127038312584875 -0.8556301190621864 2
 -0.7616478010457028 -0.2361196756259846 2
 -0.1771888466384915 1.953128926580606 1
 1.764114742151188 -1.236079613405316 0
 -1.985749161201375 0.03509209993784262 3
 -0.1340401058701788 1.854183963568539 1
 0.1139913784217228 -0.7337720780689649 1
 -1.179913822330942 -0.05077755451862885 2
 -1.160687479336642 -0.2160616677303327 3
 1.275435479881187 1.474861993800182 1
 1.716597172057337 -1.266957880707018 0
 1.554818118781482 -1.194308569400423 0
 1.314542616778135 1.347893833571914 1
 -0.2890899037405813 -0.741737267389514 0
 0.05504849814270485 1.672296933482641 3
 1.566615704941401 -1.212039010849389 0
 1.969742037624283 1.113342982777932 0
 -0.213281106547177 -0.5146966195744047 0
 0.5952869343779227 -0.9797432092049534 1
 0.3866898124371438 1.583044705301851 0
 1.732481412609199 1.060751679366988 0
 -1.66994703693822 -0.0644528840101814 3
 0.8756963001613198 -1.026096868806077 0
 0.06680103378204554 -0.6628503122730981 3
 1.258941838941554 1.260969171837809 0
 0.8133662669192863 1.555549011724467 0
 1.523139738718914 -1.214894080934891 1
 1.965700433752919 1.085319785561731 0
 -1.085533133051587 -0.1926210861103625 1
 1.491461358656346 -1.235479592469359 1
 1.330054581355244 1.256386556241578 0
 0.4574302788760811 -0.8407547476987214 0
 1.535636826307761 1.288392348118054 0
 0.6785244884057071 -0.9002562331525813 3
 0.6151677282805713 -0.9414272562215182 0
 1.988923330098004 -1.369357934740544 0
 -0.9753132537409486 -0.324171861934862 0
 -0.7424214580514034 -0.4014037888376885 0
 0.2447915530639375 1.694009969591882 0
 0.07084263765341015 -0.6348271150568972 0
 -0.4778512822992901 -0.4580502042060467 3
 -0.7660166303712419 -0.3659429059397551 1
 0.3270023802086195 -0.8493199579552266 3
 1.661695895649683 1.167134328060789 0
 1.621562031869633 -1.328714415310424 0
 -2.47108632102894 0.2530400338576301 1
 1.464196858439896 1.191174930616715 0
 0.6630575743491762 1.508667848484526 0
 0.2606307430952214 1.704302725359117 0
 -0.568472542640876 1.927433295811091 4
 1.779626706728298 -1.327586890735651 0
 0.6946909038911654 -0.7881634442877774 0
 -0.0835076587880646 -0.7097314755130386 3
 -1.156645875465277 -0.1880384705141318 0
 1.645484429643646 -1.262375265110788 0
 0.828833180975817 -0.8533750699126408 0
 2.154743987245224 -1.413984048830939 0
 1.432473427856749 -1.146827385224526 1
 -0.5253688523931419 -0.4889284715077493 2
 -0.154248125227002 1.714067977487534 4
 -0.1623763834903096 -0.6593952212516401 0
 1.685291067969522 1.131673445162855 0
 0.6711407820919054 1.564714242916928 0
 1.567315206370329 1.308977859652522 0
 1.633359618029552 -1.34644485675939 1
 -0.5368392130988866 -0.3693979969612131 1
 -0.4343753160768029 -0.4551951341205449 0
 -1.350430534257875 -0.2377747038395739 3
 1.006451424282956 -0.9157316254520025 0
 0.4456326927161617 -0.8230243062497548 0
 -0.1465371934590257 -0.6491024654844059 1
 0.9434669401325733 1.462314188883403 0
 1.40084009831476 1.150003907547778 0
 1.251185856652999 1.306722810502977 0
 2.423028541414527 -1.544407300080666 0
 -1.73734540093472 -0.1336471042953192 3
 1.231260012229772 -1.049009946787231 0
 -0.3315841936005446 -0.4391922381823071 1
 0.2639728455376584 -0.7886909479265941 0
 0.1419553800671006 -0.6394097306531279 2
 0.5167904856504306 1.489809882460787 0
 -0.6672671117663482 -0.3779632072177184 2
 -0.395268179179855 -0.5821632943488135 0
 0.9306426270895516 -1.142772273267112 2
 2.087717899223477 0.9360385682882649 0
 -0.1896859342273384 -0.5501575024723381 0
 0.8959043195181429 -0.8859808827250726 1
 0.2171097263521556 -0.6159691490331577 0
 0.118360207747262 -0.6039488477551945 0
 -1.563114310590597 -0.0204267908557427 1
 0.5565070229351492 -0.7509750158791151 0
 -0.8172485788822837 -0.3230443373600892 2
 -1.780166916248858 0.06709789181431808 3
 0.6593431959319862 1.582444684365895 0
 0.883779507904049 -0.9700504743736753 2
 -1.164729083208007 -0.2440848649465337 0
 0.7375124192053036 -0.9889084403974148 0
 0.8922349916215313 1.505212757463068 0
 -1.192693084853385 -0.3384472123623708 2
 2.648536630790271 0.8433312490860173 0
 -0.5368392130988866 -0.3693979969612131 2
 0.4139543126535938 -0.8436098177842232 0
 1.290247943029369 -1.137662154032064 0
 -0.4026969360142351 -0.4346096225860764 0
 0.7139172468854649 -0.9534475574994814 0
 -1.697256587675249 0.04478483476912062 4
 -1.172812290950736 -0.3001312593789355 0
 1.199626682687783 1.247821345985073 2
 1.002082594957417 -1.045554855765773 1
 -0.174173969650229 -0.6416647798026734 1
 -0.4697680745565608 -0.4020038097736447 0
 0.1103220505251113 1.657421562119176 0
 1.846697845270623 -1.360192703548083 0
 -0.1384539857162965 -0.5930560710520041 0
 -0.2021379712956067 -0.7360271272185105 0
 -0.2405456067636272 1.91195790351167 0
 -1.796333331734317 -0.0449948970504857 2
 -0.2136083320013515 -0.6164966526719743 0
 1.080951319659662 -1.095891110027171 0
 0.7341703167628666 1.504085232888296 0
 2.221860176308128 0.8708269426634018 1
 1.633686843483727 -1.244644823661821 1
 -0.07472494961640769 1.867331789421275 1
 3.05500506591559 0.6757195694276281 0
 2.178339159565062 -1.449444931728872 1
 1.835599760539632 1.178554608402796 3
 0.6435040059007021 1.572151928598661 0
 0.268014449409023 -0.7606677507103931 0
 -0.5603893348981467 1.983479690243493 4
 -0.2604714511868542 -0.4437748537785379 0
 -1.097657944665681 -0.2766906777589654 0
 3.260260085413932 0.6059253282065342 0
 1.906712502953322 1.173971992806565 0
 0.5369985050072539 1.629925868541792 0
 0.8679403178727652 -0.9803432301409096 0
 0.5282157958355969 -0.9471373963925217 0
 0.5443822113210555 -0.8350446075277179 1
 -0.9001589074558936 -0.3007312803148918 3
 -0.8448853550734871 -0.3156066516783567 3
 -0.4852349886130917 2.006920271863463 0
 1.034088200474159 -0.9231693111337349 1
 2.242068195664952 1.010942928744406 0
 0.1928601031239678 -0.7841083323303634 1
 -1.405704086640281 -0.222899332476109 4
 -0.4148217476283289 -0.5186792142346792 4
 0.6984052823083555 -0.8619402801691461 4
 0.213068122480791 -0.6439923462493586 0
 0.6792239898346346 1.62076063734933 3
 0.5164182096756776 -0.929406954943555 0
 0.950850646446375 -1.002656287186107 0
 2.269704971856155 1.003505243062674 0
 0.5524654190637847 -0.778998213095316 0
 -0.6831063017976321 -0.3882559629849526 2
 0.9468090425750102 -1.030679484402308 0
 -0.3356257974719093 -0.4672154353985081 0
 1.156105665944717 -1.072450528407201 0
 -0.1263291741022026 -0.5089864794034012 4
 -0.7033143211544552 -0.5283719490659573 3
 -0.5449224208416159 -0.425444391393615 0
 -1.184282651656481 -0.1806007848323993 3
 -1.149217118630897 -0.335592142276869 4
 1.140593701367608 -0.9809432510768659 0
 0.8126667654903588 -0.9654678587774447 0
 1.235301616101137 -1.02098674957103 3
 -0.0002701047602802903 -0.6302444994606664 4
 -0.4741369038821001 -0.5318270400874152 0
 -1.642310260747017 -0.07189056969191387 0
 0.01589631072517828 -0.5181517105958627 0
 1.960959328452627 -1.463720282156381 0
 0.4065255558192137 -0.696056146021486 0
 0.9511778719005494 -0.9008562540885374 0
 -0.3002330389921514 -0.5204067597454082 4
 0.3310439840799841 -0.8212967607390258 4
 -1.235841825621697 -0.239502249350303 3
 -0.32754258972918 -0.4111690409661062 0
 1.148022458201988 -1.128496922839603 0
 -0.3082711962143019 1.740963650128962 0
 -0.6871479056689968 -0.4162791602011535 1
 0.2090265186094264 -0.6720155434655596 0
 -0.5766008009041839 -0.4460299029280834 3
 0.268014449409023 -0.7606677507103931 0
 0.2606307430952214 1.704302725359117 0
 -1.863404470276643 -0.01238908423805407 2
 -1.365942498834984 -0.1462674265092387 0
 0.5480965897382455 -0.9088214434090864 1
 -0.0238202265595403 1.72263318774404 0
 -0.7542190442113226 -0.3836733473887219 3
 -0.2847210744150419 -0.6119140370757434 0
 -0.6635527333491582 -0.4517400430990869 0
 0.6866076961484362 -0.8442098387201794 0
 2.514394353705619 0.9085428747108807 0
 -0.6628532319202306 2.069276827402824 0
 -0.1542931757475804 -0.6033488268192383 0
 0.4257518988135133 -0.8613402592331899 0
 -0.8647661489761356 -0.3539226046617919 2
 -0.8249595106502601 2.040126105611851 0
 0.4773110727787296 -0.8024387947152863 0
 0.5443822113210555 -0.8350446075277179 0
 0.7021196607255458 -0.9357171160505148 0
 2.35600245339278 0.8056153170385384 0
 -1.508167983662365 -0.1371021953167772 0
 -0.0002701047602802903 -0.6302444994606664 0
 2.111268021022737 -1.416839118916441 0
 1.005796973374607 -1.119331691647142 1
 2.718949871775033 -1.682268237012125 0
 -0.2685546589295835 -0.4998212482109398 1
 -0.6952311134117259 -0.4723255546335554 1
 0.8052830591765571 1.499502617292065 1
 -0.7343382503086741 -0.3453573944052867 0
 1.06613885651148 1.516633037805075 0
 -0.9598012891638393 -0.4156791392651973 1
 2.97580911575917 0.6242557905914572 0
 1.013880181117336 -1.06328529721474 2
 -0.3514649875031932 -0.4775081911657423 0
 -0.0592580355598768 -0.5415922922158329 0
 -0.5058152839446679 -0.5524125516218836 2
 1.014579682546264 1.457731573287172 1
 0.52487369339316 1.545856276893189 0
 2.383594179063405 -1.519239172949967 0
 -0.418536126045519 -0.4449023783533106 0
 0.2760976571517522 -0.7046213562779913 1
 -0.2014835203872577 -0.5324270610233715 0
 0.6387629006004099 -0.9768881391194516 1
 1.432473427856749 -1.146827385224526 0
 2.893226012639735 0.7483688807342243 0
 1.369116667731614 -1.187998408293463 0
 1.416634237825465 -1.15712014099176 0
 1.306132183581231 1.190047406041942 0
 0.6586436945030585 -0.9385721861360163 0
 0.5369985050072539 1.629925868541792 0
 1.290247943029369 -1.137662154032064 0
 -0.004638934085819502 -0.7600677297744368 4
 -0.9992356515149619 -0.3905110121344981 2
 -0.9163253229413519 -0.4128240691796956 2
 0.07892584539613945 -0.5787807206244953 0
 -0.213281106547177 -0.5146966195744047 2
 -0.2527154688982995 -0.4895284924437056 3
 0.6667719527663662 1.434891012603158 0
 -0.8886885467501486 -0.4202617548614281 1
 -0.3514649875031932 -0.4775081911657423 0
 0.007813102982449027 -0.5741981050282646 2
 0.4102399342364038 -0.7698329819028547 2
 0.0587178260393163 -0.7188967067055 2
 -0.4859344900420194 -0.5140965986384485 3
 0.2639728455376584 -0.7886909479265941 4
 -0.5570472324557099 -0.5095139830422178 1
 -1.428972033505945 -0.08563841648060608 0
 -0.473482452973751 -0.3282269738922762 0
 -1.551643949884852 -0.139957265402279 3
 0.3277018816375472 1.671696912546685 0
 0.7462951283769605 1.588154824536899 0
 1.823102672950785 -1.324731820650149 0
 0.1854763968101663 1.680862143739146 0
 0.8844790093329767 1.550966396128236 0
 0.9589338541891042 -0.9466098927537051 0
 0.4817249526248473 1.644801239905257 0
 -0.4229049553710582 -0.5747256086670811 2
 0.3391271918227133 -0.7652503663066239 1
 0.6987325077625302 -0.7601402470715766 0
 -0.9635156675810292 -0.3419023033838287 3
 1.349235873828965 -1.226314361276898 0
 -1.622756692298542 -0.1353746498060482 2
 0.3350855879513487 -0.7932735635228247 0
 2.703482957718502 0.7266558446249829 0
 -0.6119935593839417 -0.3928385785811833 1
 -0.5014464546191287 -0.4225893213081132 0
 -1.709381399289342 -0.03928475687948219 0
 0.2090265186094264 -0.6720155434655596 3
 -0.05112977729656903 1.831870906523341 0
 0.9515501478753026 1.518360583315804 0
 -0.8091653711395546 -0.2669979429276873 0
 -0.4306609376596129 -0.5289719700019135 4
 1.290947444458296 1.383354716469847 0
 1.022662890288993 1.513777967719574 0
 1.365402289314424 -1.114221572412094 0
 0.1854763968101663 1.680862143739146 0
 2.044196882480411 -1.384233306104009 0
 -0.5054880584904934 -0.4506125185243142 0
 -1.819928504054155 -0.009534014152552284 4
 -0.1344123818449319 -0.565032873835803 2
 1.02600499273143 -0.9792157055661368 3
 1.013880181117336 -1.06328529721474 2
 0.4820521780790219 1.746601273002826 0
 0.9394253362612087 1.434290991667202 0
 2.305097730335913 0.9503139187157739 0
 0.6785244884057071 -0.9002562331525813 0
 0.7382119206342312 1.532108430104496 0
 0.9670170619318333 -0.8905634983213033 1
 1.009838577245971 -1.091308494430941 1
 -1.851606884116723 -0.0301195256870207 3
 -1.504453605245175 -0.2108790311981458 0
 1.760445414254577 1.155114026782825 0
 0.8918627156467782 -0.9140040799412735 0
 -0.841170976656297 -0.3893834875597253 0
 -1.441096845120039 -0.1697080081292089 1
 0.4102399342364038 -0.7698329819028547 0
 1.559231998627599 1.25293146522012 0
 2.841666838674519 0.6894674162163206 0
 0.8642709899761536 1.410850410047231 0
 0.7776012324647753 -0.8104765013329749 0
 1.48003604847118 1.201467686383949 0
 1.278822632844202 1.299285124821244 3
 1.306459409035406 1.291847439139512 0
 -0.6790646979262676 -0.3602327657687516 4
 0.1257889645816421 -0.7515025195179317 0
 1.325967926963301 -1.089053445281395 0
 -0.1424955895876611 -0.621079268268205 1
 0.4773110727787296 -0.8024387947152863 0
 0.7455956269480328 -0.932862045965013 0
 2.383966455038157 0.8999776644543755 0
 -1.042711617737449 -0.3933660822199999 1
 -0.05554365714268678 -0.6153691280972015 0
 1.089034527402391 -1.039844715594769 0
 -1.437055241248674 -0.1416848109130079 3
 1.215093596744313 -1.161102735652034 1
 0.8878211117754137 -0.9420272771574744 0
 -0.1623763834903096 -0.6593952212516401 4
 -0.7623022519540518 -0.4397197418211237 0
 1.022662890288993 1.513777967719574 0
 1.085692424959954 1.453148957690941 0
 1.953575622138825 1.001250193913129 0
 -0.06734124330260609 -0.5976386866482347 0
 1.22387630591597 1.415960529282279 0
 -1.957785159555997 0.1294544473536796 4
 2.514394353705619 0.9085428747108807 4
 0.5049928994905114 1.507540323909754 0
 0.8167083693617233 -0.9374446615612437 0
 -0.7461358364685933 -0.3276269529563199 0
 0.9387258348322809 -1.08672587883471 1
 0.6549743666064469 1.452621454052125 0
 2.095101605537278 -1.528931907781244 0
 1.124472336402728 1.224380764365103 0
 2.312481436649714 -1.514656557353736 0
 0.322960776337255 -0.8773431551714276 1
 -1.452894431279958 -0.1519775666802422 1
 0.6114533498633812 -0.8676504203401496 0
 1.894587691339229 1.089902401157962 3
 2.170955453251261 1.015525544340637 0
 2.158830641637167 0.9314559526920343 0
 -1.642310260747017 -0.07189056969191387 4
 0.2245384831865358 -0.7635228207958948 2
 -0.1344123818449319 -0.565032873835803 0
 1.894587691339229 1.089902401157962 1
 1.681249464098157 1.103650247946654 0
 -0.2527154688982995 -0.4895284924437056 0
 1.613806049581078 -1.282960776645256 0
 -0.1182009158388948 1.864476719335773 1
 1.35327747770033 -1.198291164060697 0
 -0.2843938489608674 -0.5101140039781741 0
 -0.9517180814211099 -0.3596327448327954 2
 0.141628154612926 -0.7412097637506975 0
 1.223176804487043 -1.105056341219633 2
 -0.6318293027660118 1.886262272742154 0
 0.4068978317939669 1.723160691382856 0
 -2.171123386797068 0.1432022941423718 3
 -0.5883983870641032 -0.4282994614791168 2
 0.473269468907365 -0.8304619919314872 1
 0.5208320895217955 1.517833079676988 0
 -1.642310260747017 -0.07189056969191387 3
 0.9984132670608052 1.345638784422368 0
 1.128141664299339 -1.166812875823038 0
 0.3907314163085084 1.611067902518052 1
 0.8804374054616122 1.522943198912035 0
 1.63405911945848 1.174572013742521 1
 2.840967337245591 -1.831549454285591 0
 -0.0238652770801189 -0.594783616562733 0
 -0.3592209697917478 -0.4317545525005747 0
 -1.03834278841191 -0.2635428519062294 1
 2.50631114596289 0.8524964802784789 0
 0.7617620424334912 -0.8207692571002092 2
 0.6792239898346346 1.62076063734933 0
 -0.8765637351360549 -0.3361921632128252 0
 -0.1344123818449319 -0.565032873835803 0
 0.9313421285184793 1.3782445972348 2
 0.1854763968101663 1.680862143739146 0
 0.1419553800671006 -0.6394097306531279 3
 -0.9554324598382999 -0.2858559089514268 0
 -1.382108914320443 -0.2583602153740424 0
 1.096790509690946 -1.085598354259937 1
 1.610791172592816 1.311832929738024 0
 -1.721178985449261 -0.0215543154305155 3
 0.2009433108666971 -0.7280619378979615 3
 0.8440179200987519 -1.046682380340546 3
 0.0196106891423683 -0.5919285464772314 0
 0.07859861994196485 -0.6805807537220648 0
 0.8683125938475181 1.438873607263432 0
 0.6556288175147961 1.656221520247263 1
 -1.902511607173591 0.1145790759902147 2
 0.2090265186094264 -0.6720155434655596 0
 0.4419633648195503 1.568169333938386 0
 0.7934854730166376 1.517233058741032 0
 2.044896383909339 1.136783564397903 0
 0.4021567264936746 -0.8258793763352564 0
 -1.073408321437493 -0.1085514944617598 1
 0.0748842415247748 -0.6068039178406963 1
 0.1419553800671006 -0.6394097306531279 2
 2.012518502417843 -1.404818817638477 0
 0.2167825008979811 -0.7177691821307273 2
 0.9468090425750102 -1.030679484402308 2
 -0.213281106547177 -0.5146966195744047 2
 -1.977665953458646 0.09113849437024452 1
 1.39712571989757 1.223780743429147 4
 1.290247943029369 -1.137662154032064 0
 -0.9708993738948308 2.123068172685681 0
 -0.09460574351905621 1.829015836437839 2
 0.8207499732330878 -0.9094214643450427 0
 1.55114879088487 1.196885070787719 0
 1.357319081571694 -1.170267966844496 0
 1.061770027185941 1.386809807491305 0
 0.4102399342364038 -0.7698329819028547 1
 0.3903591403337552 -0.8081489348862897 0
 -2.723531685166958 0.393756040874591 0
 -1.365942498834984 -0.1462674265092387 0
 -0.6908622840861868 -0.3425023243197849 3
 0.6859532452400871 -1.047809904915318 0
 -1.895082850339211 -0.03297459577252249 3
 0.8676130924185905 -1.082143263238479 0
 2.312481436649714 -1.514656557353736 0
 -0.6119935593839417 -0.3928385785811833 0
 -0.4738096784279255 -0.4300270069898457 2
 1.677207860226792 1.075627050730453 1
 -1.638268656875652 -0.0438673724757129 3
 1.231260012229772 -1.049009946787231 0
 -0.4657264706851962 -0.3739806125574438 0
 -1.772410933960304 0.02134425314915042 3
 0.473269468907365 -0.8304619919314872 0
 0.4766566218703806 -1.006038860910425 1
 -0.0002701047602802903 -0.6302444994606664 0
 0.5167904856504306 1.489809882460787 1
 -1.776452537831668 -0.006678944067050496 2
 1.847025070724798 -1.258392670450513 0
 0.8008691793304392 -0.9477374173284779 2
 0.07455701607060027 -0.7086039509382658 0
 -2.139772232188675 0.06198777257927079 3
 -0.5917404895065401 2.064694211806594 0
 -0.1546204012017549 -0.7051488599168079 3
 -1.231800221750333 -0.211479052134102 0
 0.343168795694078 -0.737227169090423 0
 1.085692424959954 1.453148957690941 0
 0.473269468907365 -0.8304619919314872 0
 -2.490967114931588 0.2147240808741949 3
 1.885804982167571 -1.487160863776351 2
 -0.1263291741022026 -0.5089864794034012 2
 0.7455956269480328 -0.932862045965013 3
 -0.7660166303712419 -0.3659429059397551 1
 0.2009433108666971 -0.7280619378979615 1
 0.7927859715877101 -1.00378381176088 0
 2.309139334207277 0.9783371159319747 0
 1.148022458201988 -1.128496922839603 0
 -0.6200767671266709 -0.4488849730135852 0
 -1.303240189618198 -0.3086964696354408 1
 -2.510520683380062 0.2782081609883292 2
 -0.0835076587880646 -0.7097314755130386 0
 1.167948302625215 1.227235834450605 0
 0.8797379040326845 -0.9980736715898763 0
 -1.156645875465277 -0.1880384705141318 3
 1.626303137169925 1.220325652407689 0
 0.7736046791139892 1.478917105757596 0
 -1.440769619665865 -0.06790797503163934 3
 -0.6669398863121737 -0.2761631741201488 0
 -0.9989084260607872 -0.2887109790369286 0
 1.231260012229772 -1.049009946787231 0
 -0.09159086653079374 -0.7657778699454404 2
 0.5754061404752742 -1.018059162188389 0
 0.5252009188473346 1.647656309990758 0
 0.1139913784217228 -0.7337720780689649 0
 -0.1263291741022026 -0.5089864794034012 2
 -0.1344123818449319 -0.565032873835803 2
 0.9906572847722506 1.391392423087536 2
 0.05500344762212619 -0.6451198708241314 0
 1.626303137169925 1.220325652407689 0
 0.8366342137849503 1.418288095728964 0
 -0.8997866314811404 2.11848555708945 2
 -0.1859715558101483 -0.6239343383537068 0
 -0.6112940579550141 2.128178291920728 1
 -0.1182009158388948 1.864476719335773 0
 0.5605486268065138 -0.7229518186629142 2
 1.890546087467864 1.061879203941761 0
 -1.492328793631081 -0.126809439549543 1
 0.5012785210733213 1.581317159791122 1
 0.8565150076875989 1.456604048712399 3
 -1.420888825763216 -0.02959202204820419 0
 0.1062804466537468 1.629398364902975 2
 2.478347144317512 0.7581341328626418 0
 2.742917320069625 0.7014877174942837 0
 -0.6281599748694002 -0.5049313674459871 3
 0.5443822113210555 -0.8350446075277179 0
 1.712927844160725 1.124235759481123 0
 -2.309307267753085 0.1803907225510343 3
 0.5450817127499832 1.685972262974194 0
 -0.4818928861706547 -0.4860734014222475 0
 -0.2331619004498256 -0.5530125725578399 0
 0.9306426270895516 -1.142772273267112 0
 0.05537572359687937 1.77409696658021 0
 -0.5172856446504126 -0.4328820770753475 1
 0.5764328673583764 1.604757741411093 0
 -0.5051157825157403 1.968604318880028 0
 0.3152047940487003 -0.83158951650626 0
 1.085037974051605 1.249548891495802 0
 1.826817051367975 -1.398508656531518 0
 -0.1030612272365386 -0.6462473953989042 1
 -0.6123207848381162 -0.4946386116787529 1
 0.4021567264936746 -0.8258793763352564 0
 1.183415216681746 -1.181688247186503 0
 0.1810625169640486 -0.7663778908813966 0
 -0.4579704883966416 -0.4197342512226115 2
 -0.6713087156377129 -0.4059864044339193 2
 -1.374352932031888 -0.3041138540392101 2
 -0.02451972798846802 -0.7983836827578721 2
 0.0509618437507616 -0.6731430680403324 3
 -0.6631804573744051 1.967476794305255 3
 2.313180938078641 1.006360313148176 0
 -0.3396223508226954 1.822178171692063 0
 -0.7457635604938403 2.091589884448022 3
 0.5764328673583764 1.604757741411093 0
 0.6556288175147961 1.656221520247263 0
 0.2286251375784789 1.581917180727078 0
 0.8362619378101972 -1.000928741675378 0
 -0.3510927115284401 1.9417086462386 0
 -1.441096845120039 -0.1697080081292089 4
 0.883779507904049 -0.9700504743736753 3
 0.7375124192053036 -0.9889084403974148 1
 -1.318752154195307 -0.2171891923051056 3
 0.08231299835915484 -0.7543575896034335 0
 -0.3315841936005446 -0.4391922381823071 1
 1.183415216681746 -1.181688247186503 1
 0.8207950237536663 1.40799533996173 0
 1.278822632844202 1.299285124821244 0
 -0.5206277470928496 2.060111596210363 0
 0.8797379040326845 -0.9980736715898763 0
 0.9939993872146873 -1.101601250198175 0
 -0.4973598002271855 1.92285068021486 0
 0.3148775685945256 -0.9333895496038296 3
 0.4382489864023602 1.641946169819755 0
 2.679887785398664 0.7621167275229163 0
 0.1217473607102776 -0.7795257167341326 2
 -1.437055241248674 -0.1416848109130079 2
 -1.926106779493429 0.1500399588881481 1
 -0.7585878735368619 -0.5134965777024922 0
 -2.092254662094823 0.09286603988097347 2
 -2.107766626671932 0.1843733172113088 0
 -0.9115842176410598 2.136215998538417 3
 0.6785244884057071 -0.9002562331525813 0
 1.132183268170704 -1.138789678606837 3
 1.519470410822302 1.17629955925325 0
 0.6987775582831086 1.557276557235196 2
 -0.1424955895876611 -0.621079268268205 1
 2.032399296320492 -1.366502864655042 0
 -0.6989454918289161 -0.3985487187521868 3
 1.479663772496427 -1.217749151020393 0
 1.87099251901939 1.125363284055896 0
 -1.081119253205469 2.25461894851018 3
 0.52487369339316 1.545856276893189 0
 -1.081491529180223 -0.1645978888941616 3
 -0.004311708631644894 -0.6582676966768675 1
 1.298331150772098 -1.081615759599662 0
 0.8285059555216425 -0.9551751030102104 0
 0.6586436945030585 -0.9385721861360163 0
 0.1891457247067778 -0.7103314964489947 2
 -0.1977691419700676 -0.6062038969047401 0
 0.07892584539613945 -0.5787807206244953 0
 0.1338721723243713 -0.6954561250855298 0
 -0.6278327494152256 -0.4031313343484175 0
 -1.803762088568697 0.1025587747122515 4
 1.31421539132396 1.246093800474344 0
 1.559231998627599 1.25293146522012 0
 -1.247639411781616 -0.2217718079013363 1
 -0.5486367992588059 -0.3516675555122464 3
 -2.167081782925704 0.1712254913585728 2
 -0.3440362306688131 -0.6250618629284795 2
 0.812339540036184 -1.067267891875014 1
 -0.2176499358727161 -0.6445198498881752 1
 -1.283032170261374 -0.1685804835544361 2
 -1.010378786766532 -0.1691805044903923 2
 -1.022503598380626 -0.2532500961389951 2
 0.4254246733593386 -0.9631402923307595 2
 -0.8014093888509998 -0.312751581592855 4
 0.9862434049261328 -1.055847611533007 1
 -1.010706012220707 -0.2709805375879618 3
 -1.097657944665681 -0.2766906777589654 3
 -2.664543754367362 0.3051038336297575 3
 -0.3868577459829511 -0.4243168668188422 0
 0.07859861994196485 -0.6805807537220648 3
 1.08907957792297 1.277572088712003 1
 0.2009433108666971 -0.7280619378979615 0
 0.8363069883307755 1.316488062631394 0
 -1.176853894822101 -0.3281544565951365 3
 1.223176804487043 -1.105056341219633 4
 -1.918678022659049 0.002486287125410935 2
 -1.511882362079555 -0.06332535943540862 2
 -1.385823292737633 -0.1845833794926739 2
 -0.252388243444125 -0.387728459346136 2
 -0.4188633514996936 -0.5467024114508803 3
 -0.7542190442113226 -0.3836733473887219 3
 -1.492001568176906 -0.02500940645197347 2
 0.4068978317939669 1.723160691382856 4
 0.7223727306029473 1.521815674337262 3
 2.087717899223477 0.9360385682882649 0
 -0.6473863178636996 -0.3396472542342832 1
 -0.6436719394465096 -0.4134240901156518 1
 1.199626682687783 1.247821345985073 1
 -0.4700953000107355 -0.5038038428712143 2
 0.5241741919642322 -0.9751605936087225 3
 -0.5253688523931419 -0.4889284715077493 1
 -0.3356257974719093 -0.4672154353985081 2
 -1.323120983520846 -0.3470124226188759 1
 1.211424268847702 1.230090904536106 0
 -0.9473492520955707 -0.2298095145190249 0
 0.7294292114625743 -1.044954834829817 1
 0.2760976571517522 -0.7046213562779913 1
 -1.697583813129423 -0.05701519832844892 2
 1.752034981057673 0.9972675992528539 1
 1.08165082108859 1.42512576047474 1
 1.333768959772434 1.18260972036021 2
 -0.5449224208416159 -0.425444391393615 1
 -1.247267135806863 2.197445029503005 2
 1.333768959772434 1.18260972036021 3
 -0.8802330630326665 2.055001476975316 3
 -1.299198585746833 -0.2806732724192399 2
 1.27036714912672 -1.1759781070155 3
 2.273419350273344 0.9297284071813054 0
 0.5127488817790663 1.461786685244586 2
 -0.8131619244903406 2.022395664162884 3
 -0.01643652024573866 -0.7423372883254702 1
 0.8598571101300359 -1.036389624573312 1
 -1.859362866405278 0.01563411297814693 3
 -0.6790646979262676 -0.3602327657687516 3
 1.344867044503426 -1.356137591590668 0
 0.2801392610231168 -0.6765981590617902 3
 -0.7070286995716454 -0.4545951131845887 1
 -0.4269465592424228 -0.6027488058832821 3
 -1.487959964305542 0.003013790764227448 3
 -1.894428399430861 0.1706254704226166 3
 -1.504126379791 -0.1090789981005763 3
 -0.008353312503009469 -0.6862908938930683 3
 -0.1782155735215936 -0.6696879770188744 2
 1.645157204189472 -1.364175298208357 1
 0.4533886750047165 -0.8687779449149224 0
 -1.310668946452578 -0.1611427978727036 3
 -0.4269465592424228 -0.6027488058832821 2
 -1.053809702468441 2.145381229730878 3
 0.287568017857497 -0.8241518308245275 2
 -0.5334520601358712 -0.5449748659401512 3
 -0.8802330630326665 2.055001476975316 4
 -0.1465371934590257 -0.6491024654844059 3
 0.8797379040326845 -0.9980736715898763 1
 -1.646024639164207 0.001886266189454755 2
 0.04287863600803238 -0.7291894624727342 0
 -0.6709814901835383 -0.3041863713363497 2
 -0.0868948117510801 -0.5341546065341004 1
 -2.206516145276826 0.1963936184892719 0
 -1.973624349587281 0.1191616915864454 3
 -0.2011562949330831 -0.4306270279258019 1
 -0.4026969360142351 -0.4346096225860764 0
 -2.297509681593165 0.1626602811020675 0
 -2.419854372517897 0.2101414652779642 4
 -0.1465371934590257 -0.6491024654844059 1
 -0.6709814901835383 -0.3041863713363497 1
 -0.9554324598382999 -0.2858559089514268 1
 -2.640294131139174 0.473243016926963 3
 -1.839482072502629 0.05395006596158211 3
 -1.239556204038887 -0.1657254134689344 1
 1.089034527402391 -1.039844715594769 0
 -1.99350514348993 0.08084573860301025 2
 0.177675364001033 -0.5908010219024585 0
 -0.2486738650269348 -0.4615052952275046 1
 -1.555031102847868 0.03561960357665914 3
 0.7698452501762206 -0.7647228626678073 0
 -0.3592209697917478 -0.4317545525005747 2
 -0.2685546589295835 -0.4998212482109398 3
 -2.526032647957171 0.3697154383186645 3
 -2.561425406436929 0.4229067626655647 1
 -1.500084775919636 -0.08105580088437531 2
 -0.1337128804160042 1.955983996666108 1
 -2.499050322674317 0.158677686441793 0
 -0.5169584191962382 -0.331082043977778 2
 -1.416847221891851 -0.001568824832003254 2
 -1.081491529180223 -0.1645978888941616 2
 -1.006337182895167 -0.1411573072741914 4
 -0.9274684581929222 -0.1914935615355897 2
 -1.274621737064471 -0.01073405602446468 3
 -1.578953500621881 -0.03071954662297693 1
 -2.450878301672117 0.3931560199386348 3
 -0.987765290809217 -0.5100414866810343 0
 -1.365942498834984 -0.1462674265092387 1
 -2.309307267753085 0.1803907225510343 3
 -0.5287560053561575 -0.3133516025288112 1
 -1.428644808051771 0.01616161661696347 1
 -1.559072706719232 0.007596406360458219 3
 -1.397293653443378 -0.06505290494613758 1
 -1.270907358647281 -0.0845108919058333 0
 -0.8762365096818804 -0.2343921301152557 3
 -0.5530056285843452 -0.4814907858260168 1
 -0.0592580355598768 -0.5415922922158329 0
 -1.385823292737633 -0.1845833794926739 2
 -0.8721949058105157 -0.2063689328990547 2
 -0.7420942325972287 -0.299603755740119 3
 -1.886345191688132 0.2266718648550184 3
 -1.042384392283275 -0.2915660491224303 1
 -1.575239122204691 -0.1044963825043455 0
 -0.4302886616848597 1.890244867402429 1
 -1.645697413710032 0.1036862992870243 2
 -0.4852349886130917 2.006920271863463 0
 0.7418812485308428 -0.8590852100836444 1
 -1.843523676373994 0.02592686874538114 3
 -1.073408321437493 -0.1085514944617598 1
 -2.187289802282526 0.03110950527756806 3
 -2.297509681593165 0.1626602811020675 0
 0.3512520034368072 -0.6811807746580211 0
 -1.144848289305358 -0.2057689119630985 2
 -2.450878301672117 0.3931560199386348 0
 -1.989463539618565 0.1088689358192111 4
 -0.216995484964367 -0.4409197836930361 0
 0.0829674492675041 -0.5507575234082943 3
 0.271728827826213 -0.8344445865917617 0
 -2.099683418929203 0.2404197116437107 3
 -0.1627036089444842 -0.7611952543492096 1
 -1.164729083208007 -0.2440848649465337 1
 -0.9830692360295032 -0.2784182232696943 2
 -1.077449925308858 -0.1365746916779607 2
 -1.050140374571829 -0.2458124104572626 3
 -2.822281203771853 0.4057763421525543 2
 -1.022503598380626 -0.2532500961389951 1
 -0.6989454918289161 -0.3985487187521868 1
 1.562574101070036 -1.24006220806559 0
 -1.637941431421477 0.05793266062185659 3
 -2.881269134571449 0.4944285493973877 1
 -1.365942498834984 -0.1462674265092387 0
 -0.4616848668138316 -0.3459574153412429 4
 -1.215633806264874 -0.09938626326929827 2
 -1.283032170261374 -0.1685804835544361 3
 -0.6709814901835383 -0.3041863713363497 1
 -1.575239122204691 -0.1044963825043455 1
 -0.6949038879575515 -0.3705255215359858 1
 -1.563441536044772 -0.1222268239533122 1
 -1.685786226969504 -0.07474563977741561 0
 -1.898797228756401 0.04080224010884609 3
 -1.144848289305358 -0.2057689119630985 2
 -2.383807163129791 0.3605502071262031 2
 -0.9035460604189091 -0.1251544113359537 0
 -0.4778062317787116 1.859366600100726 0
 -1.689500605386694 -0.0009688038960470324 4
 -0.5331248346816966 -0.4431748328425817 3
 -0.8603973196505964 -0.2240993743480214 1
 -0.1189004172678225 -0.6565401511661384 2
 0.9239133716840993 1.525798268997537 1
 -1.441096845120039 -0.1697080081292089 2
 -2.104052248254742 0.1105964813299402 1
 -0.8054509927223645 -0.3407747788090559 4
 -0.8762365096818804 -0.2343921301152557 3
 -0.5206727976134282 -0.2573052080964093 0
 0.2599312416662938 -0.8167141451427951 1
 -1.500084775919636 -0.08105580088437531 3
 -2.404015182486614 0.2204342210451984 3
 -0.06734124330260609 -0.5976386866482347 1
 -1.326508136483862 -0.1714355536399378 0
 -0.9355516659356514 -0.2475399559679916 2
 -1.740405328443561 0.1437297977811885 1
 -0.362935348208938 -0.3579777166192061 3
 -1.618715088427178 -0.1073514525898473 1
 1.645484429643646 -1.262375265110788 1
 -1.081491529180223 -0.1645978888941616 3
 -0.5021009055274779 -0.6261893875032523 0
 -1.227431392424793 -0.08165582182033154 3
 -0.7340110248544995 -0.2435573613077171 2
 -1.669619811484045 0.03734714908738815 0
 -1.902511607173591 0.1145790759902147 3
 -2.127647420574581 0.1460573642278736 2
 0.4698823159443497 -0.6548851229525491 0
 -1.424930429634581 -0.0576152192644051 0
 -0.7299694209831349 -0.2155341640915162 2
 0.07925307085031386 -0.4769806875269257 3
 -2.924745100793936 0.491573479311886 2
 0.6195365576061105 -0.8116040259077477 3
 -1.890714021013671 0.09684863454124798 4
 -1.626471070715732 -0.06159781392467967 0
 -1.077449925308858 -0.1365746916779607 4
 -1.973624349587281 0.1191616915864454 1
 -1.854994037079739 0.1454573432919174 3
 -0.8051237672681899 -0.2389747457114864 1
 -3.524670969257678 0.7112489587424025 3
 -0.9746588028325993 -0.1205717957397229 2
 -1.472120774274258 0.01330654653146171 2
 -1.697583813129423 -0.05701519832844892 2
 -1.018134769055087 -0.1234268658252247 4
 -1.006337182895167 -0.1411573072741914 3
 -1.010378786766532 -0.1691805044903923 4
 -1.231472996296158 -0.1096790190365325 2
 -1.464037566531529 0.06935294096386366 3
 -0.1657635364533251 -0.483818352272702 3
 1.009838577245971 -1.091308494430941 0
 -2.107766626671932 0.1843733172113088 3
 -0.8051237672681899 -0.2389747457114864 0
 -1.839154847048455 0.1557500990591517 2
 -1.91059481491632 0.05853268155781283 1
 -2.115522608960487 0.2301269558764765 1
 -0.6945766625033769 -0.2687254884384163 3
 -1.467751944948719 0.1431297768452322 1
 -1.010706012220707 -0.2709805375879618 2
 -0.6790646979262676 -0.3602327657687516 2
 -1.622102241390194 0.06822541638909083 1
 -0.1303707779735672 -0.5370096766196022 2
 -1.480203982016987 -0.04273984790094013 4
 -1.381781688866268 -0.1565601822764729 3
 -1.156645875465277 -0.1880384705141318 1
 -0.6625710569866345 -0.1463399438063783 2
 -0.1816027264846091 -0.4941111080399363 1
 -1.085533133051587 -0.1926210861103625 1
 -1.042384392283275 -0.2915660491224303 2
 -1.432359186468961 0.08993845249833204 3
 -2.601186994242227 0.3462748566986943 4
 -0.5803151793213738 -0.3722530670467148 3
 0.30034728037994 -0.5364821729807856 2
 -0.6237911455438611 -0.3751081371322166 0
 -1.180241047785116 -0.1525775876161984 0
 0.228907312512075 -0.6336995904821244 0
 -0.2604714511868542 -0.4437748537785379 0
 1.223176804487043 -1.105056341219633 0
 0.05839060058514167 -0.8206967398030696 0
 -1.899124454210575 -0.06099779298872343 2
 -1.290788152549929 -0.1228268448892685 2
 -0.2490010904811095 -0.5633053283250741 1
 -1.527721552110839 -0.07361811520264283 4
 -1.034301184540545 -0.2355196546900284 1
 0.3512520034368072 -0.6811807746580211 0
 -0.6278327494152256 -0.4031313343484175 1
 -0.9948668221894225 -0.2606877818207276 4
 -0.7259278171117701 -0.1875109668753153 0
 -1.787922898537413 0.1128515304794857 3
 -2.210230523694016 0.2701704543706406 3
 -1.602221447487545 0.1065413693725261 0
 -1.180241047785116 -0.1525775876161984 4
 -2.739370875198243 0.3834632851073568 1
 -1.428644808051771 0.01616161661696347 4
 -1.404722410277757 0.08250076681659957 3
 -1.223717014007603 -0.1554326577017001 3
 -2.056207452706716 0.2432747817292124 2
 -0.4498872806539123 -0.3636878567902095 0
 -0.0828532078797154 -0.5061314093178995 4
 -1.223389788553429 -0.05363262460413062 2
 -1.563114310590597 -0.0204267908557427 3
 -2.404015182486614 0.2204342210451984 3
 0.05063461829658705 -0.7749431011379018 3
 -0.8094925965937292 -0.3687979760252569 3
 -0.9945395967352479 -0.1588877487231581 3
 -0.9082421151986229 -0.3567776747472936 0
 -0.4977320762019387 -0.4963661571894818 1
 -0.6989454918289161 -0.3985487187521868 3
 0.9468090425750102 -1.030679484402308 1
 -1.705339795417978 -0.01126155966328127 2
 -0.1583347796189451 -0.6313720240354392 2
 -0.4107801437569644 -0.4906560170184783 2
 -0.3477506090860031 -0.5512850270471109 2
 -1.014747616092071 -0.2990037348041629 0
 1.819433345054174 1.066461819537992 1
 -1.247312186327442 -0.1199717748037667 2
 -1.42929925896012 -0.1874384495781756 3
 0.1257889645816421 -0.7515025195179317 0
 0.1884912737984287 -0.9139315626441338 2
 0.1969017069953325 -0.7560851351141624 3
 -0.1148588133964579 -0.6285169539499375 3
 -1.152604271593913 -0.1600152732979309 1
 -2.54591344185982 0.3313994853352294 3
 -2.514235061797252 0.3519849968696979 4
 1.057401197860402 1.256986577177535 0
 -1.287073774132739 -0.1966036807706371 0
 -1.160360253882467 -0.1142616346327632 3
 1.306459409035406 1.291847439139512 0
 0.9629754580604686 -0.9185866955375042 0
 2.001420417686851 1.133928494312401 0
 -0.8364298713560047 2.159656580158387 1
 1.089734028831319 1.481172154907142 0
 0.6785244884057071 -0.9002562331525813 0
 1.199953908141957 1.349621379082643 0
 -0.5644309387695113 1.955456493027292 0
 0.1338721723243713 -0.6954561250855298 0
 0.6276648158694182 1.561859172831426 0
 -0.0002701047602802903 -0.6302444994606664 3
 0.01185470685381362 -0.5461749078120637 0
 0.6590159704778117 1.480644651268325 0
 0.5369985050072539 1.629925868541792 0
 1.878748501307944 1.079609645390728 0
 -0.9001589074558936 -0.3007312803148918 2
 1.752362206511848 1.099067632350424 0
 0.244464327609763 1.592209936494313 0
 -1.622756692298542 -0.1353746498060482 0
 -0.1263291741022026 -0.5089864794034012 0
 1.491461358656346 -1.235479592469359 0
 -1.539846363724933 -0.1576877068512457 4
 0.8008691793304392 -0.9477374173284779 1
 -1.065979564603113 -0.2561051662244969 1
 -0.8135342004650937 -0.3968211732414578 0
 1.846697845270623 -1.360192703548083 0
 0.8410030431104896 1.548111326042734 0
 -0.003984483177470355 -0.5564676635792979 3
 -1.235514600167523 -0.1377022162527334 4
 -1.717137381577897 0.006468881785685443 3
 0.9939993872146873 -1.101601250198175 0
 -0.1461649174842726 1.770114371919936 0
 0.7024919367002986 1.483499721353827 0
 0.08231299835915484 -0.7543575896034335 0
 2.139277073188693 0.9949400328061688 0
 0.07892584539613945 -0.5787807206244953 0
 -0.3753873852772064 -0.5438473413653785 2
 0.0748842415247748 -0.6068039178406963 0
 -0.1263291741022026 -0.5089864794034012 1
 -0.06734124330260609 -0.5976386866482347 3
 0.9711037163237766 1.45487650320167 0
 -0.6200767671266709 -0.4488849730135852 1
 1.282864236715567 1.327308322037445 0
 -1.728889917217238 2.341616127541425 1
 -1.437055241248674 -0.1416848109130079 3
 0.06275942991068087 -0.6908735094892992 0
 1.132183268170704 -1.138789678606837 0


