 2 150 0
 2 108 2
 2 129 1
 0 187 0
 2 172 0
 0 178 0
 2 160 3
 0 163 0
 2 147 2
 2 155 1
 0 148 0
 2 153 0
 2 142 2
 0 173 0
 0 162 0
 0 174 0
 0 168 1
 0 160 0
 0 139 0
 0 171 0
 2 144 0
 2 162 0
 2 160 1
 2 173 3
 2 132 4
 0 158 0
 0 172 0
 0 114 0
 0 171 0
 2 114 3
 0 151 0
 0 160 2
 0 158 1
 0 161 0
 0 179 0
 0 178 0
 2 120 3
 2 112 1
 0 132 3
 0 137 0
 2 114 4
 0 178 0
 0 162 0
 0 157 0
 2 169 1
 2 165 4
 0 123 0
 2 128 4
 2 157 0
 2 152 0
 0 168 0
 0 140 0
 2 153 2
 2 188 0
 0 144 1
 2 109 1
 0 163 1
 2 158 1
 2 152 0
 2 125 0
 0 142 2
 2 160 0
 2 131 1
 0 170 0
 0 113 2
 2 142 2
 2 155 1
 2 165 0
 2 140 2
 0 147 1
 0 148 0
 0 163 3
 0 99 1
 2 158 1
 2 177 1
 2 151 0
 2 141 1
 2 142 0
 2 180 0
 2 111 3
 2 148 0
 2 143 0
 2 182 0
 2 150 3
 0 172 0
 2 180 0
 2 156 0
 2 115 0
 2 160 0
 2 149 0
 2 151 0
 2 145 3
 0 146 0
 0 175 0
 2 172 0
 0 161 1
 2 142 2
 2 157 3
 0 158 0
 2 186 0
 2 185 0
 2 174 0
 2 159 0
 2 130 0
 0 139 3
 0 156 0
 0 162 2
 2 150 1
 0 140 2
 0 140 3
 2 146 1
 2 144 1
 2 190 0
 2 136 2
 0 97 2
 0 132 0
 2 165 0
 0 182 0
 2 132 3
 2 127 2
 2 150 3
 2 154 4
 0 143 0
 0 111 3
 2 174 1
 2 175 0
 2 133 3
 0 126 3
 0 170 0
 0 163 0
 2 147 0
 0 154 0
 2 202 0
 2 186 0
 0 165 0
 2 161 0
 0 125 4
 2 103 3
 0 130 1
 2 166 0
 0 164 0
 2 159 1
 0 184 0
 0 131 1
 2 154 0
 0 152 1
 2 124 4
 0 179 0
 2 170 0
 0 160 0
 0 178 0
 2 122 0
 2 160 0
 2 145 4
 2 96 3
 2 109 1
 0 173 1
 2 171 1
 2 170 2
 0 151 0
 0 156 0
 2 162 4
 0 158 0
 2 122 0
 0 175 0
 0 168 0
 0 169 0
 2 159 0
 2 156 1
 0 138 0
 0 112 3
 2 111 0
 0 143 1
 2 157 0
 2 132 4
 0 88 1
 0 147 0
 2 105 1
 0 162 0
 2 173 0
 2 166 3
 2 150 2
 2 178 0
 2 145 0
 2 161 1
 0 179 0
 0 194 0
 0 120 2
 2 195 1
 2 146 2
 0 163 0
 0 122 3
 2 143 1
 0 106 2
 2 115 0
 2 125 3
 2 131 0
 2 152 0
 0 162 0
 2 125 1
 2 159 0
 0 154 0
 0 173 0
 0 133 0
 0 161 0
 2 147 3
 2 130 3
 2 126 3
 0 155 0
 0 154 1
 0 170 0
 0 182 4
 2 168 0
 0 165 3
 0 160 1
 2 162 0
 0 172 0
 2 152 0
 0 122 0
 2 182 0
 2 172 0
 2 167 0
 0 179 0
 0 95 3
 0 169 1
 0 192 0
 0 143 0
 0 172 0
 2 108 3
 2 132 2
 2 169 0
 1 117 2
 2 126 1
 2 121 0
 0 163 0
 2 116 3
 2 103 2
 2 144 1
 0 162 0
 0 162 0
 0 153 0
 0 163 0
 0 163 0
 0 145 2
 0 96 0
 0 71 2
 0 156 2
 2 118 1
 0 168 3
 2 140 0
 0 126 0
 0 105 1
 0 105 0
 2 157 0
 0 181 0
 0 173 0
 0 142 0
 1 116 0
 2 143 0
 0 141 1
 0 149 0
 2 152 3
 0 171 0
 0 169 0
 2 125 4
 0 125 2
 0 156 2
 0 134 2
 0 181 1
 0 150 0
 2 138 1
 2 138 0
 0 120 2
 0 125 0
 0 162 1
 2 155 0
 2 152 0
 0 152 0
 2 164 1
 0 131 0
 0 143 2
 0 179 0
 1 130 3
 0 174 0
 0 161 2
 1 140 4
 2 146 2
 0 144 0
 2 163 0
 0 169 0
 2 150 1
 0 166 0
 0 144 2
 2 144 2
 0 136 1
 0 182 0
 2 90 3
 0 123 1
 0 132 1
 0 141 2
 0 115 3
 2 174 1
 0 173 0
 2 185 0
 0 160 0
 0 170 0
 1 170 0
 1 150 0
 0 165 0
 0 184 0
 0 155 0
 0 185 0
 0 190 0
 1 168 0
 0 150 0
 1 185 0
 0 150 0
 2 180 0
 0 168 0
 0 180 0
 0 184 0
 0 178 0
 0 172 0
 0 130 0
 0 142 0
 1 184 0
 1 98 0
 0 150 0
 0 168 0
 0 158 0
 0 129 0
 0 150 0
 0 130 0
 1 180 0
 1 146 0
 0 160 0
 0 145 0
 0 120 0
 0 106 0
 0 170 0
 0 160 0
 0 132 0
 0 140 0
 0 150 0
 0 172 0
 0 138 0
 0 167 0
 0 188 0
 1 142 0
 0 180 0
 0 150 0
 1 160 0
 0 170 0
 0 144 0
 0 142 0
 1 137 0
 0 150 0
 0 155 0
 0 136 0
 0 152 0
 0 146 0
 0 170 0
 0 142 0
 0 165 0
 1 175 0
 1 176 0
 0 118 0
 0 154 0
 0 175 0
 0 138 0
 1 115 0
 0 142 0
 0 135 0
 0 170 0
 0 170 0
 0 180 0
 0 144 0
 0 122 0
 0 110 0
 0 140 0
 0 144 0
 0 90 0
 0 165 0
 0 150 0
 0 116 0
 1 140 0
 1 140 0
 1 120 0
 0 135 0
 0 145 0
 0 150 0
 0 174 0
 0 125 0
 1 148 0
 0 120 0
 0 125 0
 0 175 0
 1 110 0
 0 130 0
 0 100 0
 0 160 0
 0 118 0
 0 138 0
 0 160 0
 0 160 0
 0 164 0
 1 135 0
 0 174 0
 0 172 0
 0 132 0
 0 130 0
 0 145 0
 0 110 0
 0 160 0
 0 170 0
 1 116 0
 0 135 0
 0 140 0
 0 170 0
 0 120 0
 0 160 0
 0 120 0
 0 145 0
 0 150 0
 0 100 0
 0 148 0
 0 140 0
 0 139 0
 0 140 0
 0 118 0
 0 138 0
 0 165 0
 1 170 0
 0 127 0
 0 142 0
 0 130 0
 0 132 0
 0 162 0
 0 140 0
 1 112 0
 0 148 0
 0 155 0
 0 138 0
 0 140 0
 0 150 0
 1 155 0
 1 140 0
 0 130 0
 0 130 0
 0 137 0
 0 142 0
 0 154 0
 0 110 0
 1 130 0
 0 175 0
 0 137 0
 0 122 0
 1 134 0
 1 160 0
 0 155 0
 2 150 0
 0 137 0
 0 150 0
 0 155 0
 0 160 0
 2 134 0
 0 140 0
 0 110 0
 1 164 0
 0 100 0
 0 114 0
 0 128 0
 0 140 0
 0 98 0
 1 126 0
 0 140 0
 0 150 0
 0 110 0
 0 160 0
 0 100 0
 0 124 0
 0 150 0
 0 120 0
 0 100 0
 0 140 0
 2 135 0
 1 120 0
 1 115 0
 0 116 0
 0 152 0
 0 153 1
 0 150 1
 0 180 1
 0 140 1
 0 160 1
 0 130 1
 0 166 1
 0 170 1
 0 134 1
 0 152 1
 0 170 1
 0 138 1
 0 130 1
 0 150 1
 0 124 1
 0 125 1
 0 145 1
 0 98 1
 0 110 1
 0 115 1
 0 103 1
 0 156 1
 0 175 1
 0 170 1
 0 140 1
 0 150 1
 0 150 1
 0 120 1
 0 140 1
 0 122 1
 0 130 1
 1 145 1
 1 140 1
 1 130 1
 0 125 1
 0 115 1
 0 87 1
 0 130 1
 0 150 1
 0 150 1
 0 130 1
 1 155 1
 1 130 1
 0 115 1
 0 112 1
 1 150 1
 0 102 1
 0 92 1
 0 99 1
 0 121 1
 0 150 1
 0 126 1
 0 116 1
 0 150 1
 0 91 1
 0 125 1
 0 118 1
 0 142 1
 0 128 1
 0 125 1
 0 92 1
 1 92 1
 0 140 1
 1 130 1
 0 120 1
 0 150 1
 0 100 1
 0 175 1
 0 170 1
 0 108 1
 0 120 1
 0 140 1
 0 150 1
 1 96 1
 0 110 1
 0 124 1
 1 82 1
 0 130 1
 1 120 1
 0 105 1
 0 143 1
 0 96 1
 0 150 1
 1 124 1
 1 122 1
 1 99 1
 0 125 1
 2 119 1
 0 112 1
 0 94 1
 0 118 1
 0 135 1
 0 135 1
 0 98 1
 1 158 1
 0 96 1
 0 122 1
 1 140 1
 1 125 1
 0 134 1
 0 94 1
 1 100 1
 0 150 1
 0 110 1
 1 115 1
 1 112 2
 1 127 0
 1 140 2
 1 149 1
 2 99 0
 1 120 0
 1 105 3
 1 140 0
 0 141 3
 1 157 1
 1 140 0
 1 117 1
 0 120 1
 1 148 1
 1 86 0
 0 84 4
 0 125 1
 1 120 0
 1 118 0
 0 124 2
 1 106 1
 1 111 3
 1 180 2
 1 129 2
 1 140 1
 0 120 1
 1 110 3
 0 105 3
 0 155 3
 0 110 2
 1 122 3
 0 133 0
 1 131 0
 0 80 3
 0 165 1
 1 86 3
 1 111 0
 0 84 2
 0 117 1
 0 107 0
 0 128 2
 0 160 0
 1 125 1
 1 97 2
 0 161 0
 0 106 1
 0 130 2
 1 140 2
 2 120 1
 0 108 2
 1 148 1
 2 123 4
 0 110 2
 1 118 2
 0 125 3
 2 106 1
 1 180 0
 1 144 2
 0 140 3
 0 102 3
 1 108 1
 1 145 2
 0 110 2
 0 140 1
 0 69 0
 0 148 2
 1 130 2
 0 130 2
 0 140 4
 0 138 2
 1 140 3
 0 112 1
 0 112 3
 0 80 0
 0 150 3
 0 110 1
 1 88 3
 1 150 1
 0 120 1
 1 160 0
 0 132 1
 0 120 3
 1 110 1
 1 121 1
 1 128 0
 1 135 3
 2 120 1
 0 117 1
 1 150 0
 1 102 2
 1 140 2
 0 135 3
 1 130 3
 0 112 1
 2 100 0
 2 120 4
 0 105 1
 1 129 2
 0 120 0
 1 162 1
 1 100 3
 0 140 1
 0 73 3
 2 86 0
 1 160 0
 1 118 2
 0 112 0
 0 102 4
 0 154 0
 1 160 3
 0 128 0
 1 115 3
 0 105 1
 0 110 1
 1 119 2
 1 135 2
 2 130 2
 1 120 4
 2 119 3
 0 159 3
 2 84 2
 1 120 1
 0 122 1
 2 165 0
 1 122 3
 0 94 1
 1 110 0
 2 150 4
 2 130 2
 2 113 3
 2 140 1
 2 100 1
 2 127 1
 0 98 1
 1 96 0
 0 98 3
 1 118 2
 0 112 2
 0 151 0
 2 96 0
 1 108 4
 1 128 3
 1 138 1
 0 126 2
 1 154 1
 1 100 2
 2 93 1
 0 127 1
 0 130 3
 0 125 1
 0 166 2
 0 156 1
 0 179 0
 0 128 1
 0 150 2
 0 120 1
 1 144 2
 0 176 2
 0 128 1
 0 99 2
 0 122 3
 0 145 4
 1 140 2
 0 138 0
 1 133 1
 0 113 1
 0 120 1
 0 118 3
 1 149 2
 0 124 1
 0 128 2
 0 110 1
 0 120 3
 1 156 3
 0 139 1
 0 127 2
 0 92 4
 0 104 3
 0 170 2
 1 163 1
 0 60 2
 0 126 2
 0 120 2
 0 128 2
 0 122 2
 0 82 2
 0 95 3
 1 120 0
 0 115 1
 2 122 1
 0 120 1
 0 120 4
 2 135 2
 0 141 0
 0 155 2
 0 110 3
 0 150 1
 1 150 0
 0 155 1
 1 92 4
 0 83 2
 0 97 0
 0 98 2
 1 99 2
 1 82 1
 1 100 2
 1 148 2
 0 103 3
 0 121 1
 0 148 1
 1 131 3
 0 120 2
 0 100 3
 0 98 2
 0 182 1
 0 138 1
 1 100 4
 1 105 1
 0 175 1
 0 94 3
 0 115 2
 0 119 1
 0 115 1
 0 143 1
 0 110 3
 1 130 1
 0 63 3
 1 99 3
 0 149 1
 1 70 3
 0 110 1
 0 113 1
 0 105 3
 2 115 3
 0 77 3
 0 105 1
 0 117 2
 1 145 2
 0 143 2
 1 123 1
 2 134 1
 0 72 3
 0 128 2
 0 72 1
 1 78 3
 0 109 1
 2 149 2
 0 86 3
 1 154 3
 0 98 1
 0 140 3
 0 145 1
 0 114 1
 0 93 1
 1 67 3
 0 154 0
 1 122 3
 0 90 1
 0 108 3
 2 125 2
 1 120 3
 0 136 1
 0 130 1
 1 92 1
 0 157 3
 2 114 0
 1 121 1
 1 123 1
 2 150 0
 2 108 2
 2 129 1
 0 187 0
 2 172 0
 0 178 0
 2 160 3
 0 163 0
 2 147 2
 2 155 1
 0 148 0
 2 153 0
 2 142 2
 0 173 0
 0 162 0
 0 174 0
 0 168 1
 0 160 0
 0 139 0
 0 171 0
 2 144 0
 2 162 0
 2 160 1
 2 173 3
 2 132 4
 0 158 0
 0 172 0
 0 114 0
 0 171 0
 2 114 3
 0 151 0
 0 160 2
 0 158 1
 0 161 0
 0 179 0
 0 178 0
 2 120 3
 2 112 1
 0 132 3
 0 137 0
 2 114 4
 0 178 0
 0 162 0
 0 157 0
 2 169 1
 2 165 4
 0 123 0
 2 128 4
 2 157 0
 2 152 0
 0 168 0
 0 140 0
 2 153 2
 2 188 0
 0 144 1
 2 109 1
 0 163 1
 2 158 1
 2 152 0
 2 125 0
 0 142 2
 2 160 0
 2 131 1
 0 170 0
 0 113 2
 2 142 2
 2 155 1
 2 165 0
 2 140 2
 0 147 1
 0 148 0
 0 163 3
 0 99 1
 2 158 1
 2 177 1
 2 151 0
 2 141 1
 2 142 0
 2 180 0
 2 111 3
 2 148 0
 2 143 0
 2 182 0
 2 150 3
 0 172 0
 2 180 0
 2 156 0
 2 115 0
 2 160 0
 2 149 0
 2 151 0
 2 145 3
 0 146 0
 0 175 0
 2 172 0
 0 161 1
 2 142 2
 2 157 3
 0 158 0
 2 186 0
 2 185 0
 2 174 0
 2 159 0
 2 130 0
 0 139 3
 0 156 0
 0 162 2
 2 150 1
 0 140 2
 0 140 3
 2 146 1
 2 144 1
 2 190 0
 2 136 2
 0 97 2
 0 132 0
 2 165 0
 0 182 0
 2 132 3
 2 127 2
 2 150 3
 2 154 4
 0 143 0
 0 111 3
 2 174 1
 2 175 0
 2 133 3
 0 126 3
 0 170 0
 0 163 0
 2 147 0
 0 154 0
 2 202 0
 2 186 0
 0 165 0
 2 161 0
 0 125 4
 2 103 3
 0 130 1
 2 166 0
 0 164 0
 2 159 1
 0 184 0
 0 131 1
 2 154 0
 0 152 1
 2 124 4
 0 179 0
 2 170 0
 0 160 0
 0 178 0
 2 122 0
 2 160 0
 2 145 4
 2 96 3
 2 109 1
 0 173 1
 2 171 1
 2 170 2
 0 151 0
 0 156 0
 2 162 4
 0 158 0
 2 122 0
 0 175 0
 0 168 0
 0 169 0
 2 159 0
 2 156 1
 0 138 0
 0 112 3
 2 111 0
 0 143 1
 2 157 0
 2 132 4
 0 88 1
 0 147 0
 2 105 1
 0 162 0
 2 173 0
 2 166 3
 2 150 2
 2 178 0
 2 145 0
 2 161 1
 0 179 0
 0 194 0
 0 120 2
 2 195 1
 2 146 2
 0 163 0
 0 122 3
 2 143 1
 0 106 2
 2 115 0
 2 125 3
 2 131 0
 2 152 0
 0 162 0
 2 125 1
 2 159 0
 0 154 0
 0 173 0
 0 133 0
 0 161 0
 2 147 3
 2 130 3
 2 126 3
 0 155 0
 0 154 1
 0 170 0
 0 182 4
 2 168 0
 0 165 3
 0 160 1
 2 162 0
 0 172 0
 2 152 0
 0 122 0
 2 182 0
 2 172 0
 2 167 0
 0 179 0
 0 95 3
 0 169 1
 0 192 0
 0 143 0
 0 172 0
 2 108 3
 2 132 2
 2 169 0
 1 117 2
 2 126 1
 2 121 0
 0 163 0
 2 116 3
 2 103 2
 2 144 1
 0 162 0
 0 162 0
 0 153 0
 0 163 0
 0 163 0
 0 145 2
 0 96 0
 0 71 2
 0 156 2
 2 118 1
 0 168 3
 2 140 0
 0 126 0
 0 105 1
 0 105 0
 2 157 0
 0 181 0
 0 173 0
 0 142 0
 1 116 0
 2 143 0
 0 141 1
 0 149 0
 2 152 3
 0 171 0
 0 169 0
 2 125 4
 0 125 2
 0 156 2
 0 134 2
 0 181 1
 0 150 0
 2 138 1
 2 138 0
 0 120 2
 0 125 0
 0 162 1
 2 155 0
 2 152 0
 0 152 0
 2 164 1
 0 131 0
 0 143 2
 0 179 0
 1 130 3
 0 174 0
 0 161 2
 1 140 4
 2 146 2
 0 144 0
 2 163 0
 0 169 0
 2 150 1
 0 166 0
 0 144 2
 2 144 2
 0 136 1
 0 182 0
 2 90 3
 0 123 1
 0 132 1
 0 141 2
 0 115 3
 2 174 1
 0 173 0
 0 172 0
 0 156 1
 1 98 0
 0 108 3
 0 122 0
 0 170 0
 0 170 0
 0 142 0
 0 130 1
 0 120 0
 0 142 0
 1 99 3
 0 145 0
 0 140 3
 1 137 0
 0 150 0
 0 166 1
 0 165 0
 0 125 1
 0 160 1
 0 142 0
 0 142 0
 0 164 0
 0 150 3
 0 138 0
 0 178 0
 1 112 0
 0 118 0
 0 127 0
 0 145 0
 0 130 3
 0 114 0
 0 122 1
 1 130 3
 0 154 0
 0 155 0
 0 87 1
 1 142 0
 1 148 0
 0 130 0
 0 130 0
 1 100 4
 0 168 0
 1 170 0
 0 120 3
 0 120 0
 0 168 0
 0 170 0
 0 184 0
 0 170 1
 0 121 2
 0 98 4
 0 122 0
 0 150 0
 0 140 0
 0 170 0
 0 153 1
 1 140 1
 1 134 0
 1 96 3
 0 174 0
 0 175 0
 0 144 0
 0 125 1
 0 145 0
 0 130 0
 0 144 0
 0 184 0
 1 82 3
 0 170 0
 1 145 1
 0 135 0
 0 150 2
 1 115 0
 0 128 2
 0 116 0
 0 130 2
 0 150 0
 0 138 0
 0 170 1
 0 160 0
 0 154 0
 0 115 1
 0 165 0
 0 125 2
 0 94 3
 0 112 3
 0 142 0
 1 155 2
 0 110 0
 0 160 0
 0 140 0
 0 148 0
 0 92 2
 1 180 0
 0 140 2
 0 138 0
 0 160 0
 0 140 0
 0 144 0
 1 115 4
 0 100 0
 0 130 2
 0 152 1
 0 124 1
 0 140 0
 1 110 0
 1 168 0
 0 135 0
 0 106 0
 0 124 0
 0 92 2
 0 125 0
 0 150 0
 1 135 0
 0 150 1
 0 170 1
 1 130 1
 1 185 0
 0 180 1
 0 170 3
 0 139 0
 1 140 0
 0 110 4
 0 150 0
 0 110 0
 0 190 0
 0 175 0
 0 140 0
 0 152 0
 0 130 0
 0 150 1
 1 122 3
 1 124 3
 1 120 0
 0 175 1
 1 175 0
 1 146 0
 0 118 2
 0 130 1
 0 94 4
 1 125 4
 1 158 4
 0 155 0
 0 150 3
 0 132 0
 0 155 0
 1 176 0
 0 160 0
 0 125 2
 0 120 0
 0 100 0
 0 150 0
 0 140 0
 1 160 0
 0 150 4
 0 150 2
 0 130 0
 0 100 3
 1 130 0
 2 119 3
 0 96 4
 0 174 0
 0 160 0
 0 150 0
 0 140 0
 0 175 3
 1 140 4
 0 118 0
 0 100 0
 0 160 0
 0 160 0
 0 188 0
 0 162 0
 0 172 0
 0 134 4
 0 135 4
 0 105 3
 0 150 0
 0 150 0
 0 90 0
 0 120 1
 0 150 0
 0 124 3
 1 140 0
 0 130 0
 1 92 2
 0 110 0
 0 138 1
 0 110 0
 1 120 3
 1 120 0
 1 116 0
 0 160 0
 0 110 0
 0 180 0
 0 116 0
 0 132 0
 0 136 0
 0 116 2
 0 98 0
 0 150 0
 0 150 0
 0 146 0
 1 150 0
 0 100 0
 0 140 0
 2 180 0
 0 140 1
 2 185 0
 0 140 1
 0 110 1
 0 140 1
 0 128 0
 1 164 0
 0 98 1
 1 170 0
 0 150 2
 0 137 0
 0 150 0
 0 170 0
 0 112 2
 0 150 1
 0 125 0
 0 185 0
 0 137 0
 0 150 1
 0 140 0
 0 134 1
 0 170 0
 1 184 0
 0 158 0
 0 167 0
 0 129 0
 0 142 0
 1 140 0
 0 160 0
 0 118 4
 0 99 2
 0 102 2
 0 155 0
 0 142 2
 0 143 3
 0 118 0
 0 103 1
 0 137 0
 0 150 2
 1 150 2
 1 130 2
 0 120 3
 0 135 4
 0 115 1
 1 115 0
 0 152 0
 0 96 3
 0 130 0
 2 150 0
 0 172 0
 0 120 0
 0 155 0
 0 165 0
 0 138 0
 0 115 2
 0 125 3
 0 145 1
 0 175 0
 0 110 3
 0 150 0
 0 91 2
 0 145 0
 0 140 0
 0 165 0
 0 130 1
 2 134 0
 0 180 0
 0 100 0
 0 150 3
 0 126 2
 1 126 0
 1 155 0
 2 135 0
 0 122 4
 0 160 0
 1 160 0
 0 170 0
 0 120 0
 0 140 0
 0 132 0
 0 180 0
 0 129 0
 0 96 4
 0 140 2
 1 165 3
 1 150 2
 1 139 0
 2 155 0
 0 140 0
 0 170 0
 2 150 0
 2 140 0
 0 175 1
 2 145 1
 0 90 3
 0 88 0
 1 160 0
 2 165 0
 2 112 0
 0 100 1
 0 150 0
 0 160 0
 2 170 0
 2 100 0
 0 130 0
 0 173 0
 0 145 0
 0 160 0
 0 145 3
 2 146 0
 2 125 2
 1 130 4
 0 130 0
 2 165 0
 0 134 0
 0 171 0
 2 130 1
 0 150 0
 2 150 0
 0 168 0
 0 95 1
 2 138 0
 0 160 0
 0 75 1
 0 105 3
 0 150 1
 0 160 1
 0 160 0
 0 122 4
 0 110 0
 0 102 3
 0 160 0
 2 125 3
 0 155 0
 0 105 1
 2 150 0
 0 73 1
 0 140 0
 2 155 0
 0 150 1
 0 145 1
 2 160 0
 2 108 4
 1 180 4
 0 117 0
 2 120 3
 0 170 0
 2 160 2
 0 135 3
 2 130 0
 0 155 0
 2 150 0
 0 130 0
 0 140 1
 0 120 0
 0 160 0
 1 135 0
 0 110 0
 2 116 2
 0 120 0
 0 180 0
 0 125 1
 0 102 1
 0 150 0
 0 120 2
 0 160 3
 2 170 0
 0 155 0
 0 100 4
 0 136 2
 0 140 0
 0 150 1
 0 160 1
 1 145 0
 0 143 0
 0 162 0
 2 126 1
 0 155 0
 0 137 0
 0 108 2
 2 133 0
 0 120 0
 2 160 2
 2 88 0
 0 145 0
 0 93 3
 0 126 2
 0 145 1
 0 120 0
 2 100 3
 0 130 0
 0 142 0
 2 125 1
 0 150 0
 0 153 1
 1 170 0
 0 144 0
 0 144 0
 2 117 1
 0 170 0
 1 170 2
 2 150 0
 0 118 0
 0 95 1
 0 140 0
 0 130 2
 0 120 0
 0 150 3
 0 120 0
 0 90 0
 0 153 1
 2 174 0
 0 102 3
 0 140 3
 2 139 3
 0 148 0
 0 138 0
 0 135 0
 0 154 1
 0 110 2
 2 150 0
 0 122 0
 0 142 0
 2 180 0
 2 140 0
 0 140 1
 0 150 1
 0 150 2
 0 174 0
 2 143 2
 0 150 2
 0 142 2
 2 100 1
 0 142 4
 2 160 0
 0 100 0
 2 122 2
 0 160 0
 0 150 0
 0 160 0
 0 142 0
 0 150 1
 0 142 0
 2 132 0
 0 150 0
 0 152 4
 0 105 0
 0 124 0
 2 90 0
 0 172 0
 2 150 1
 2 110 0
 0 132 3
 0 126 0
 0 86 3
 0 135 0
 0 180 0
 0 130 0
 0 135 2
 0 144 0
 0 140 1
 0 105 3
 0 170 0
 2 145 0
 2 105 3
 0 145 0
 0 116 1
 0 140 0
 0 115 1
 0 100 2
 1 185 0
 2 152 2
 0 133 0
 2 82 3
 0 121 0
 0 115 3
 0 110 0
 0 150 0
 0 155 0
 0 145 0
 0 79 3
 0 150 2
 0 150 2
 0 150 3
 0 122 1
 0 140 1
 0 126 1
 0 142 0
 0 175 0
 0 150 0
 0 120 0
 0 88 1
 0 88 2
 0 120 0
 0 124 0
 2 150 0
 0 120 3
 0 160 0
 0 134 0
 0 117 3
 0 145 0
 2 116 0
 0 170 0
 0 110 2
 0 122 0
 2 142 0
 0 142 0
 0 132 0
 0 150 2
 0 140 2
 0 137 2
 0 142 0
 0 160 0
 0 129 0
 0 105 2
 0 126 0
 0 130 1
 0 126 0
 0 170 2
 0 155 0
 0 103 1
 0 129 1
 2 137 3
 0 125 0
 0 105 2
 0 152 0
 0 164 0
 0 110 3
 0 150 0
 2 151 0
 0 88 3
 0 150 0
 0 125 0
 2 134 0
 0 130 0
 0 125 0
 0 131 1
 0 139 0
 2 112 0
 0 132 0
 0 121 0
 0 160 0
 0 129 1
 2 113 1
 0 140 0
 0 144 0
 0 132 0
 0 138 2
 0 123 2
 0 83 2
 0 110 2
 2 137 3
 0 99 3
 0 180 0
 0 101 0
 2 113 3
 0 139 0
 0 154 0
 0 107 0
 2 111 3
 0 146 0
 0 120 0
 0 100 4
 0 155 3
 0 140 1
 1 102 3
 0 126 0
 0 145 1
 0 144 1
 0 126 0
 0 145 0
 0 126 0
 0 150 0
 0 142 0
 0 105 0
 0 115 3
 0 134 0
 0 169 0
 0 125 2
 0 105 2
 1 114 1
 2 98 0
 0 91 2
 0 105 0
 2 107 3
 2 150 0
 0 147 3
 0 144 0
 0 141 2
 0 130 1
 0 182 0
 0 122 3
 0 162 0
 0 164 0
 0 113 3
 0 125 0
 2 130 3
 0 135 1
 2 170 0
 0 153 0
 0 142 0
 0 142 2
 0 128 0
 0 155 0
 0 140 0
 0 127 0
 1 116 4
 0 139 0
 0 160 0
 0 107 1
 1 142 3
 1 98 2
 1 142 2
 1 113 2
 0 133 1
 0 120 1
 1 113 2
 1 135 2
 1 120 2
 0 119 2
 1 128 4
 1 149 1
 1 115 0
 1 118 3
 1 110 3
 1 80 3
 1 143 0
 1 137 2
 1 138 3
 1 126 1
 1 140 0
 1 112 0
 1 95 3
 1 150 1
 1 160 4
 1 90 2
 1 112 2
 1 102 2
 0 160 2
 1 120 3
 1 120 3
 1 120 2
 1 145 4
 1 137 3
 1 150 0
 1 136 1
 1 124 1
 1 130 1
 1 123 2
 1 125 3
 1 121 1
 1 140 2
 1 80 1
 1 128 0
 1 130 0
 1 130 1
 1 150 1
 1 98 2
 0 133 1
 1 150 1
 0 130 2
 1 130 1
 1 90 2
 1 145 2
 0 130 3
 0 96 3
 0 93 2
 0 152 3
 0 164 0
 1 110 2
 1 96 3
 1 120 1
 1 142 1
 1 97 3
 1 130 3
 1 128 0
 0 155 3
 0 112 1
 1 115 4
 1 110 3
 1 125 3
 1 120 3
 1 105 3
 1 130 3
 0 119 2
 0 151 1
 0 137 0
 0 112 3
 1 110 2
 0 97 3
 0 131 2
 1 111 3
 1 96 4
 1 125 3
 1 150 1
 1 112 2
 1 127 0
 1 140 2
 1 149 1
 2 99 0
 1 120 0
 1 105 3
 1 140 0
 0 141 3
 1 157 1
 1 140 0
 1 117 1
 0 120 1
 1 148 1
 1 86 0
 0 84 4
 0 125 1
 1 120 0
 1 118 0
 0 124 2
 1 106 1
 1 111 3
 1 180 2
 1 129 2
 1 140 1
 0 120 1
 1 110 3
 0 105 3
 0 155 3
 0 110 2
 1 122 3
 0 133 0
 1 131 0
 0 80 3
 0 165 1
 1 86 3
 1 111 0
 0 84 2
 0 117 1
 0 107 0
 0 128 2
 0 160 0
 1 125 1
 1 97 2
 0 161 0
 0 106 1
 0 130 2
 1 140 2
 2 120 1
 0 108 2
 1 148 1
 2 123 4
 0 110 2
 1 118 2
 0 125 3
 2 106 1
 1 180 0
 1 144 2
 0 140 3
 0 102 3
 1 108 1
 1 145 2
 0 110 2
 0 140 1
 0 69 0
 0 148 2
 1 130 2
 0 130 2
 0 140 4
 0 138 2
 1 140 3
 0 112 1
 0 112 3
 0 80 0
 0 150 3
 0 110 1
 1 88 3
 1 150 1
 0 120 1
 1 160 0
 0 132 1
 0 120 3
 1 110 1
 1 121 1
 1 128 0
 1 135 3
 2 120 1
 0 117 1
 1 150 0
 1 102 2
 1 140 2
 0 135 3
 1 130 3
 0 112 1
 2 100 0
 2 120 4
 0 105 1
 1 129 2
 0 120 0
 1 162 1
 1 100 3
 0 140 1
 0 73 3
 2 86 0
 1 160 0
 1 118 2
 0 112 0
 0 102 4
 0 154 0
 1 160 3
 0 128 0
 1 115 3
 0 105 1
 0 110 1
 1 119 2
 1 135 2
 2 130 2
 1 120 4
 2 119 3
 0 159 3
 2 84 2
 1 120 1
 0 122 1
 2 165 0
 1 122 3
 0 94 1
 1 110 0
 2 150 4
 2 130 2
 2 113 3
 2 140 1
 2 100 1
 2 127 1
 0 98 1
 1 96 0
 0 98 3
 1 118 2
 0 112 2
 0 151 0
 2 96 0
 1 108 4
 1 128 3
 1 138 1
 0 126 2
 1 154 1
 1 100 2
 2 93 1
 0 123 4
 0 135 3
 0 160 0
 1 130 1
 1 110 3
 1 87 3
 0 140 1
 1 109 0
 1 128 2
 1 128 1
 0 156 3
 1 96 1
 2 168 1
 1 130 3
 2 100 0
 1 132 3
 1 145 2
 2 116 0
 0 154 0
 1 110 3
 1 97 2
 0 174 0
 1 120 0
 1 150 2
 1 172 3
 2 90 2
 1 160 3
 1 108 4
 0 103 0
 0 135 4
 1 105 1
 2 119 3
 2 140 1
 1 78 3
 0 146 2
 2 155 1
 1 130 3
 2 128 2
 1 98 2
 0 108 0
 0 142 4
 1 155 0
 1 140 3
 1 135 4
 0 127 2
 2 138 3
 1 130 1
 0 170 1
 1 151 3
 0 145 0
 0 105 3
 1 140 0
 0 122 2
 2 100 1
 2 112 1
 1 144 3
 1 150 1
 0 118 2
 0 130 2
 0 125 1
 0 145 2
 1 118 4
 0 107 3
 0 120 1
 1 167 2
 2 148 1
 1 125 1
 1 88 2
 2 112 2
 1 144 3
 1 92 4
 1 136 3
 1 180 2
 1 132 0
 1 160 3
 0 124 0
 2 153 0
 0 158 0
 1 150 0
 0 160 0
 0 113 0
 1 81 2
 1 120 2
 1 131 1
 2 109 4
 0 122 1
 2 160 0
 0 127 1
 0 121 4
 1 155 0
 0 119 3
 1 111 3
 1 81 0
 1 133 0
 0 124 4
 0 87 1
 1 132 4
 0 140 2
 1 145 3
 2 120 3
 1 119 2
 2 148 0
 1 154 4
 1 137 2
 0 150 0
 0 179 0
 0 126 0
 0 91 0
 1 150 0
 1 150 0
 0 186 0
 1 195 0
 0 93 1
 0 127 1
 0 110 1
 0 139 1
 1 131 3
 0 92 4
 1 149 2
 0 149 1
 1 150 0
 0 120 4
 1 123 1
 0 126 2
 0 127 2
 0 155 1
 1 120 0
 0 138 1
 0 182 1
 0 154 0
 0 110 3
 0 176 2
 0 141 0
 1 123 1
 0 148 1
 0 121 1
 0 77 3
 0 136 1
 0 175 1
 0 109 1
 0 166 2
 0 128 2
 1 133 1
 0 128 1
 0 138 0
 0 119 1
 0 82 2
 1 130 1
 0 143 1
 1 82 1
 0 179 0
 1 144 2
 0 170 2
 2 134 1
 2 114 0
 1 154 3
 2 149 2
 0 145 1
 0 122 3
 0 114 1
 0 113 1
 1 115 3
 1 87 3
 1 120 3
 1 118 3
 1 138 3
 1 112 0
 1 122 1
 1 122 3
 1 150 1
 1 105 2
 1 127 2
 1 130 2
 1 125 2
 1 113 0
 1 150 1
 1 124 2
 1 98 3
 0 130 0
 1 108 2
 1 135 3
 1 131 3
 1 125 1
 1 94 3
 0 100 4
 0 120 0
 0 108 0
 0 132 3
 2 146 0
 0 170 0
 0 176 0
 0 117 1
 0 160 0
 0 150 0
 0 147 0
 2 105 0
 0 140 0
 2 136 0
 2 140 3
 0 155 0
 0 125 0
 0 140 0
 0 157 0
 0 122 2
 0 150 0
 0 110 0
 0 91 0
 0 150 0
 0 160 0
 0 94 4
 0 152 1
 0 116 1
 2 113 0
 1 168 0
 0 151 0
 0 152 3
 1 122 4
 0 107 3
 0 142 0
 0 108 0
 0 129 0
 0 126 0
 0 164 0
 0 155 0
 0 124 2
 0 150 0
 0 150 1
 1 140 3
 0 146 0
 1 120 1
 2 150 0
 0 75 1
 0 105 3
 0 135 0
 0 147 0