patientNumber | patientAge | patientSex | patientBloodPressure | patientECG | patientCholestoral
1 63 1 145 2 233 
2 67 1 160 2 286 
3 67 1 120 2 229 
4 37 1 130 0 250 
6 41 0 130 2 204 
7 56 1 120 0 236 
8 62 0 140 2 268 
9 57 0 120 0 354 
10 63 1 130 2 254 
11 53 1 140 2 203 
12 57 1 140 0 192 
13 56 0 140 2 294 
14 56 1 130 2 256 
15 44 1 120 0 263 
16 52 1 172 0 199 
17 57 1 150 0 168 
18 48 1 110 0 229 
19 54 1 140 0 239 
20 48 0 130 0 275 
21 49 1 130 0 266 
22 64 1 110 2 211 
23 58 0 150 2 283 
24 58 1 120 2 284 
25 58 1 132 2 224 
26 60 1 130 2 206 
27 50 0 120 0 219 
28 58 0 120 0 340 
29 66 0 150 0 226 
30 43 1 150 0 247 
31 40 1 110 2 167 
32 69 0 140 0 239 
33 60 1 117 0 230 
34 64 1 140 0 335 
36 59 1 135 0 234 
38 44 1 130 0 233 
39 42 1 140 0 226 
41 43 1 120 2 177 
42 57 1 150 2 276 
43 55 1 132 0 353 
44 61 1 150 0 243 
45 65 0 150 2 225 
46 40 1 140 0 199 
47 71 0 160 0 302 
48 59 1 150 0 212 
49 61 0 130 2 330 
50 58 1 112 2 230 
51 51 1 110 0 175 
52 50 1 150 2 243 
53 65 0 140 2 417 
54 53 1 130 2 197 
55 41 0 105 0 198 
56 65 1 120 0 177 
57 44 1 112 2 290 
58 44 1 130 2 219 
59 60 1 130 0 253 
60 54 1 124 2 266 
61 50 1 140 0 233 
62 41 1 110 2 172 
63 54 1 125 2 273 
64 51 1 125 2 213 
65 51 0 130 0 305 
66 46 0 142 2 177 
67 58 1 128 2 216 
68 54 0 135 0 304 
69 54 1 120 0 188 
70 60 1 145 2 282 
71 60 1 140 2 185 
72 54 1 150 2 232 
73 59 1 170 2 326 
74 46 1 150 0 231 
75 65 0 155 0 269 
76 67 1 125 0 254 
77 62 1 120 0 267 
78 65 1 110 2 248 
79 44 1 110 2 197 
80 65 0 160 2 360 
81 60 1 125 2 258 
82 51 0 140 2 308 
83 48 1 130 2 245 
85 58 1 150 2 270 
86 45 1 104 2 208 
87 53 0 130 2 264 
88 39 1 140 2 321 
89 68 1 180 2 274 
90 52 1 120 0 325 
91 44 1 140 2 235 
92 47 1 138 2 257 
93 53 0 128 2 216 
94 53 0 138 2 234 
95 51 0 130 2 256 
96 66 1 120 2 302 
97 62 0 160 2 164 
98 62 1 130 0 231 
99 44 0 108 0 141 
100 63 0 135 2 252 
101 52 1 128 0 255 
102 59 1 110 2 239 
103 60 0 150 2 258 
104 52 1 134 0 201 
105 48 1 122 2 222 
106 45 1 115 2 260 
107 34 1 118 2 182 
108 57 0 128 2 303 
110 71 0 110 2 265 
111 49 1 120 0 188 
112 54 1 108 0 309 
113 59 1 140 0 177 
114 57 1 128 2 229 
115 61 1 120 0 260 
116 39 1 118 0 219 
118 61 0 145 2 307 
119 56 1 125 2 249 
120 52 1 118 2 186 
123 43 0 132 2 341 
124 62 0 130 0 263 
125 41 1 135 0 203 
126 58 1 140 2 211 
127 35 0 138 0 183 
128 63 1 130 2 330 
129 65 1 135 2 254 
130 48 1 130 2 256 
131 63 0 150 2 407 
132 51 1 100 0 222 
133 55 1 140 0 217 
134 65 1 138 2 282 
135 45 0 130 2 234 
136 56 0 200 2 288 
137 54 1 110 0 239 
138 44 1 120 0 220 
139 62 0 124 0 209 
141 54 1 120 2 258 
142 51 1 94  0 27  
143 29 1 130 2 204 
144 51 1 140 2 261 
145 43 0 122 0 213 
146 55 0 135 2 250 
147 70 1 145 0 174 
148 62 1 120 2 281 
149 35 1 120 0 198 
150 51 1 125 2 245 
151 59 1 140 0 221 
152 59 1 170 2 288 
153 52 1 128 0 205 
154 64 1 125 0 309 
156 58 1 105 2 240 
158 47 1 108 0 243 
159 57 1 165 2 289 
160 41 1 112 0 250 
161 45 1 128 2 308 
162 60 0 102 0 318 
165 52 1 152 0 298 
166 42 0 102 2 265 
167 67 0 115 2 564 
168 55 1 160 2 289 
169 64 1 120 2 246 
170 70 1 130 2 322 
171 51 1 140 0 299 
172 58 1 125 2 300 
173 60 1 140 2 293 
174 68 1 118 0 277 
175 46 1 101 0 197 
177 77 1 125 2 304 
178 54 0 110 0 214 
179 58 0 100 2 248 
180 48 1 124 0 255 
181 57 1 132 0 207 
182 52 1 138 0 223 
183 54 0 132 2 288 
184 35 1 126 2 282 
185 45 0 112 0 160 
186 70 1 160 0 269 
187 53 1 142 2 226 
188 59 0 174 0 249 
189 62 0 140 2 394 
190 64 1 145 2 212 
191 57 1 152 0 274 
192 52 1 108 0 233 
193 56 1 132 2 184 
194 43 1 130 0 315 
195 53 1 130 2 246 
196 48 1 124 2 274 
197 56 0 134 2 409 
199 42 1 148 2 244 
200 59 1 178 2 270 
201 60 0 158 2 305 
202 63 0 140 0 195 
203 42 1 120 0 240 
204 66 1 160 0 246 
205 54 1 192 2 283 
206 69 1 140 2 254 
207 50 1 129 0 196 
208 51 1 140 0 298 
209 43 1 132 2 247 
210 62 0 138 0 294 
211 68 0 120 2 211 
212 67 1 100 2 299 
213 69 1 160 2 234 
214 45 0 138 2 236 
215 50 0 120 0 244 
216 59 1 160 2 273 
217 50 0 110 2 254 
218 64 0 180 0 325 
219 57 1 150 0 126 
220 64 0 140 0 313 
221 43 1 110 0 211 
222 45 1 142 2 309 
223 58 1 128 2 259 
224 50 1 144 2 200 
225 55 1 130 0 262 
226 62 0 150 0 244 
227 37 0 120 0 215 
228 38 1 120 0 231 
229 41 1 130 2 214 
230 66 0 178 0 228 
231 52 1 112 0 230 
232 56 1 120 2 193 
233 46 0 105 0 204 
234 46 0 138 2 243 
235 64 0 130 0 303 
236 59 1 138 2 271 
237 41 0 112 2 268 
238 54 0 108 2 267 
239 39 0 94  0 99  
240 53 1 123 0 282 
241 63 0 108 0 269 
242 34 0 118 0 210 
243 47 1 112 0 204 
244 67 0 152 0 277 
245 54 1 110 2 206 
246 66 1 112 2 212 
247 52 0 136 2 196 
248 55 0 180 1 327 
249 49 1 118 2 149 
250 74 0 120 2 269 
251 54 0 160 0 201 
252 54 1 122 2 286 
253 56 1 130 2 283 
254 46 1 120 2 249 
255 49 0 134 0 271 
256 42 1 120 0 295 
257 41 1 110 0 235 
258 41 0 126 0 306 
259 49 0 130 0 269 
260 61 1 134 0 234 
261 60 0 120 0 178 
262 67 1 120 0 237 
263 58 1 100 0 234 
264 47 1 110 2 275 
265 52 1 125 0 212 
266 62 1 128 2 208 
267 57 1 110 0 201 
268 58 1 146 0 218 
269 64 1 128 0 263 
270 51 0 120 2 295 
271 43 1 115 0 303 
272 42 0 120 0 209 
273 67 0 106 0 223 
274 76 0 140 1 197 
275 70 1 156 2 245 
276 57 1 124 0 261 
277 44 0 118 0 242 
278 58 0 136 2 319 
279 60 0 150 0 240 
280 44 1 120 0 226 
281 61 1 138 2 166 
282 42 1 136 0 315 
283 52 1 128 0 204 
284 59 1 126 0 218 
285 40 1 152 0 223 
286 42 1 130 0 180 
287 61 1 140 2 207 
288 66 1 160 2 228 
289 46 1 140 0 311 
290 71 0 112 0 149 
291 59 1 134 0 204 
292 64 1 170 2 227 
293 66 0 146 2 278 
294 39 0 138 0 220 
295 57 1 154 2 232 
296 58 0 130 0 197 
297 57 1 110 0 335 
298 47 1 130 0 253 
