 63 1 145 233 2 150 0
 67 1 160 286 2 108 2
 67 1 120 229 2 129 1
 37 1 130 250 0 187 0
 41 0 130 204 2 172 0
 56 1 120 236 0 178 0
 62 0 140 268 2 160 3
 57 0 120 354 0 163 0
 63 1 130 254 2 147 2
 53 1 140 203 2 155 1
 57 1 140 192 0 148 0
 56 0 140 294 2 153 0
 56 1 130 256 2 142 2
 44 1 120 263 0 173 0
 52 1 172 199 0 162 0
 57 1 150 168 0 174 0
 48 1 110 229 0 168 1
 54 1 140 239 0 160 0
 48 0 130 275 0 139 0
 49 1 130 266 0 171 0
 64 1 110 211 2 144 0
 58 0 150 283 2 162 0
 58 1 120 284 2 160 1
 58 1 132 224 2 173 3
 60 1 130 206 2 132 4
 50 0 120 219 0 158 0
 58 0 120 340 0 172 0
 66 0 150 226 0 114 0
 43 1 150 247 0 171 0
 40 1 110 167 2 114 3
 69 0 140 239 0 151 0
 60 1 117 230 0 160 2
 64 1 140 335 0 158 1
 59 1 135 234 0 161 0
 44 1 130 233 0 179 0
 42 1 140 226 0 178 0
 43 1 120 177 2 120 3
 57 1 150 276 2 112 1
 55 1 132 353 0 132 3
 61 1 150 243 0 137 0
 65 0 150 225 2 114 4
 40 1 140 199 0 178 0
 71 0 160 302 0 162 0
 59 1 150 212 0 157 0
 61 0 130 330 2 169 1
 58 1 112 230 2 165 4
 51 1 110 175 0 123 0
 50 1 150 243 2 128 4
 65 0 140 417 2 157 0
 53 1 130 197 2 152 0
 41 0 105 198 0 168 0
 65 1 120 177 0 140 0
 44 1 112 290 2 153 2
 44 1 130 219 2 188 0
 60 1 130 253 0 144 1
 54 1 124 266 2 109 1
 50 1 140 233 0 163 1
 41 1 110 172 2 158 1
 54 1 125 273 2 152 0
 51 1 125 213 2 125 0
 51 0 130 305 0 142 2
 46 0 142 177 2 160 0
 58 1 128 216 2 131 1
 54 0 135 304 0 170 0
 54 1 120 188 0 113 2
 60 1 145 282 2 142 2
 60 1 140 185 2 155 1
 54 1 150 232 2 165 0
 59 1 170 326 2 140 2
 46 1 150 231 0 147 1
 65 0 155 269 0 148 0
 67 1 125 254 0 163 3
 62 1 120 267 0 99 1
 65 1 110 248 2 158 1
 44 1 110 197 2 177 1
 65 0 160 360 2 151 0
 60 1 125 258 2 141 1
 51 0 140 308 2 142 0
 48 1 130 245 2 180 0
 58 1 150 270 2 111 3
 45 1 104 208 2 148 0
 53 0 130 264 2 143 0
 39 1 140 321 2 182 0
 68 1 180 274 2 150 3
 52 1 120 325 0 172 0
 44 1 140 235 2 180 0
 47 1 138 257 2 156 0
 53 0 128 216 2 115 0
 53 0 138 234 2 160 0
 51 0 130 256 2 149 0
 66 1 120 302 2 151 0
 62 0 160 164 2 145 3
 62 1 130 231 0 146 0
 44 0 108 141 0 175 0
 63 0 135 252 2 172 0
 52 1 128 255 0 161 1
 59 1 110 239 2 142 2
 60 0 150 258 2 157 3
 52 1 134 201 0 158 0
 48 1 122 222 2 186 0
 45 1 115 260 2 185 0
 34 1 118 182 2 174 0
 57 0 128 303 2 159 0
 71 0 110 265 2 130 0
 49 1 120 188 0 139 3
 54 1 108 309 0 156 0
 59 1 140 177 0 162 2
 57 1 128 229 2 150 1
 61 1 120 260 0 140 2
 39 1 118 219 0 140 3
 61 0 145 307 2 146 1
 56 1 125 249 2 144 1
 52 1 118 186 2 190 0
 43 0 132 341 2 136 2
 62 0 130 263 0 97 2
 41 1 135 203 0 132 0
 58 1 140 211 2 165 0
 35 0 138 183 0 182 0
 63 1 130 330 2 132 3
 65 1 135 254 2 127 2
 48 1 130 256 2 150 3
 63 0 150 407 2 154 4
 51 1 100 222 0 143 0
 55 1 140 217 0 111 3
 65 1 138 282 2 174 1
 45 0 130 234 2 175 0
 56 0 200 288 2 133 3
 54 1 110 239 0 126 3
 44 1 120 220 0 170 0
 62 0 124 209 0 163 0
 54 1 120 258 2 147 0
 51 1 94 227 0 154 0
 29 1 130 204 2 202 0
 51 1 140 261 2 186 0
 43 0 122 213 0 165 0
 55 0 135 250 2 161 0
 70 1 145 174 0 125 4
 62 1 120 281 2 103 3
 35 1 120 198 0 130 1
 51 1 125 245 2 166 0
 59 1 140 221 0 164 0
 59 1 170 288 2 159 1
 52 1 128 205 0 184 0
 64 1 125 309 0 131 1
 58 1 105 240 2 154 0
 47 1 108 243 0 152 1
 57 1 165 289 2 124 4
 41 1 112 250 0 179 0
 45 1 128 308 2 170 0
 60 0 102 318 0 160 0
 52 1 152 298 0 178 0
 42 0 102 265 2 122 0
 67 0 115 564 2 160 0
 55 1 160 289 2 145 4
 64 1 120 246 2 96 3
 70 1 130 322 2 109 1
 51 1 140 299 0 173 1
 58 1 125 300 2 171 1
 60 1 140 293 2 170 2
 68 1 118 277 0 151 0
 46 1 101 197 0 156 0
 77 1 125 304 2 162 4
 54 0 110 214 0 158 0
 58 0 100 248 2 122 0
 48 1 124 255 0 175 0
 57 1 132 207 0 168 0
 52 1 138 223 0 169 0
 54 0 132 288 2 159 0
 35 1 126 282 2 156 1
 45 0 112 160 0 138 0
 70 1 160 269 0 112 3
 53 1 142 226 2 111 0
 59 0 174 249 0 143 1
 62 0 140 394 2 157 0
 64 1 145 212 2 132 4
 57 1 152 274 0 88 1
 52 1 108 233 0 147 0
 56 1 132 184 2 105 1
 43 1 130 315 0 162 0
 53 1 130 246 2 173 0
 48 1 124 274 2 166 3
 56 0 134 409 2 150 2
 42 1 148 244 2 178 0
 59 1 178 270 2 145 0
 60 0 158 305 2 161 1
 63 0 140 195 0 179 0
 42 1 120 240 0 194 0
 66 1 160 246 0 120 2
 54 1 192 283 2 195 1
 69 1 140 254 2 146 2
 50 1 129 196 0 163 0
 51 1 140 298 0 122 3
 43 1 132 247 2 143 1
 62 0 138 294 0 106 2
 68 0 120 211 2 115 0
 67 1 100 299 2 125 3
 69 1 160 234 2 131 0
 45 0 138 236 2 152 0
 50 0 120 244 0 162 0
 59 1 160 273 2 125 1
 50 0 110 254 2 159 0
 64 0 180 325 0 154 0
 57 1 150 126 0 173 0
 64 0 140 313 0 133 0
 43 1 110 211 0 161 0
 45 1 142 309 2 147 3
 58 1 128 259 2 130 3
 50 1 144 200 2 126 3
 55 1 130 262 0 155 0
 62 0 150 244 0 154 1
 37 0 120 215 0 170 0
 38 1 120 231 0 182 4
 41 1 130 214 2 168 0
 66 0 178 228 0 165 3
 52 1 112 230 0 160 1
 56 1 120 193 2 162 0
 46 0 105 204 0 172 0
 46 0 138 243 2 152 0
 64 0 130 303 0 122 0
 59 1 138 271 2 182 0
 41 0 112 268 2 172 0
 54 0 108 267 2 167 0
 39 0 94 199 0 179 0
 53 1 123 282 0 95 3
 63 0 108 269 0 169 1
 34 0 118 210 0 192 0
 47 1 112 204 0 143 0
 67 0 152 277 0 172 0
 54 1 110 206 2 108 3
 66 1 112 212 2 132 2
 52 0 136 196 2 169 0
 55 0 180 327 1 117 2
 49 1 118 149 2 126 1
 74 0 120 269 2 121 0
 54 0 160 201 0 163 0
 54 1 122 286 2 116 3
 56 1 130 283 2 103 2
 46 1 120 249 2 144 1
 49 0 134 271 0 162 0
 42 1 120 295 0 162 0
 41 1 110 235 0 153 0
 41 0 126 306 0 163 0
 49 0 130 269 0 163 0
 61 1 134 234 0 145 2
 60 0 120 178 0 96 0
 67 1 120 237 0 71 2
 58 1 100 234 0 156 2
 47 1 110 275 2 118 1
 52 1 125 212 0 168 3
 62 1 128 208 2 140 0
 57 1 110 201 0 126 0
 58 1 146 218 0 105 1
 64 1 128 263 0 105 0
 51 0 120 295 2 157 0
 43 1 115 303 0 181 0
 42 0 120 209 0 173 0
 67 0 106 223 0 142 0
 76 0 140 197 1 116 0
 70 1 156 245 2 143 0
 57 1 124 261 0 141 1
 44 0 118 242 0 149 0
 58 0 136 319 2 152 3
 60 0 150 240 0 171 0
 44 1 120 226 0 169 0
 61 1 138 166 2 125 4
 42 1 136 315 0 125 2
 52 1 128 204 0 156 2
 59 1 126 218 0 134 2
 40 1 152 223 0 181 1
 42 1 130 180 0 150 0
 61 1 140 207 2 138 1
 66 1 160 228 2 138 0
 46 1 140 311 0 120 2
 71 0 112 149 0 125 0
 59 1 134 204 0 162 1
 64 1 170 227 2 155 0
 66 0 146 278 2 152 0
 39 0 138 220 0 152 0
 57 1 154 232 2 164 1
 58 0 130 197 0 131 0
 57 1 110 335 0 143 2
 47 1 130 253 0 179 0
 55 0 128 205 1 130 3
 35 1 122 192 0 174 0
 61 1 148 203 0 161 2
 58 1 114 318 1 140 4
 58 0 170 225 2 146 2
 58 1 125 220 0 144 0
 56 1 130 221 2 163 0
 56 1 120 240 0 169 0
 67 1 152 212 2 150 1
 55 0 132 342 0 166 0
 44 1 120 169 0 144 2
 63 1 140 187 2 144 2
 63 0 124 197 0 136 1
 41 1 120 157 0 182 0
 59 1 164 176 2 90 3
 57 0 140 241 0 123 1
 45 1 110 264 0 132 1
 68 1 144 193 0 141 2
 57 1 130 131 0 115 3
 57 0 130 236 2 174 1
 38 1 138 175 0 173 0
 40 1 140 289 0 172 0
 49 0 160 180 0 156 1
 37 1 130 283 1 98 0
 48 0 138 214 0 108 3
 39 1 120 339 0 170 0
 45 0 130 237 0 170 0
 54 1 110 208 0 142 0
 37 1 140 207 0 130 1
 48 0 120 284 0 120 0
 37 0 130 211 0 142 0
 58 1 136 164 1 99 3
 39 1 120 204 0 145 0
 49 1 140 234 0 140 3
 42 0 115 211 1 137 0
 54 0 120 273 0 150 0
 38 1 110 196 0 166 1
 43 0 120 201 0 165 0
 60 1 100 248 0 125 1
 36 1 120 267 0 160 1
 43 0 100 223 0 142 0
 44 1 120 184 0 142 0
 49 0 124 201 0 164 0
 44 1 150 288 0 150 3
 40 1 130 215 0 138 0
 36 1 130 209 0 178 0
 53 1 124 260 1 112 0
 52 1 120 284 0 118 0
 53 0 113 468 0 127 0
 51 1 125 188 0 145 0
 53 1 145 518 0 130 3
 54 1 125 224 0 122 1
 41 1 130 172 1 130 3
 43 0 150 186 0 154 0
 32 1 125 254 0 155 0
 65 1 140 306 0 87 1
 41 0 110 250 1 142 0
 48 0 150 227 0 130 0
 54 0 150 230 0 130 0
 54 0 130 294 1 100 4
 35 1 150 264 0 168 0
 52 1 140 259 1 170 0
 43 1 120 175 0 120 3
 59 1 130 318 0 120 0
 37 1 120 223 0 168 0
 50 1 140 216 0 170 0
 36 1 112 340 0 184 0
 41 1 110 289 0 170 1
 50 1 130 233 0 121 2
 47 0 120 205 0 98 4
 45 1 140 224 0 122 0
 41 0 130 245 0 150 0
 52 0 130 180 0 140 0
 51 0 160 194 0 170 0
 31 1 120 270 0 153 1
 58 1 130 213 1 140 1
 54 1 150 365 1 134 0
 52 1 112 342 1 96 3
 49 1 100 253 0 174 0
 45 1 140 224 0 144 0
 46 1 120 277 0 125 1
 50 0 110 202 0 145 0
 37 0 120 260 0 130 0
 45 0 132 297 0 144 0
 32 1 110 225 0 184 0
 52 1 160 246 1 82 3
 44 1 150 412 0 170 0
 57 1 140 265 1 145 1
 44 1 130 215 0 135 0
 52 1 120 182 0 150 2
 44 0 120 218 1 115 0
 55 1 140 268 0 128 2
 46 1 150 163 0 116 0
 32 1 118 529 0 130 2
 35 0 140 167 0 150 0
 52 1 140 100 0 138 0
 49 1 130 206 0 170 1
 55 1 110 277 0 160 0
 54 1 120 238 0 154 0
 63 1 150 223 0 115 1
 52 1 160 196 0 165 0
 56 1 150 213 0 125 2
 65 1 170 263 0 112 3
 53 0 140 216 0 142 0
 43 1 120 291 1 155 2
 55 1 140 229 0 110 0
 39 1 130 307 0 140 0
 52 0 120 210 0 148 0
 48 1 160 329 0 92 2
 39 0 110 182 1 180 0
 58 1 130 263 0 140 2
 43 1 142 207 0 138 0
 39 1 160 147 0 160 0
 56 1 120 85 0 140 0
 41 1 125 269 0 144 0
 65 1 130 275 1 115 4
 51 1 130 179 0 100 0
 40 0 150 392 0 130 2
 40 1 120 466 0 152 1
 46 1 118 186 0 124 1
 57 1 140 260 0 140 0
 48 0 120 254 1 110 0
 34 1 150 214 1 168 0
 50 1 140 129 0 135 0
 39 1 190 241 0 106 0
 59 0 130 188 0 124 0
 57 1 150 255 0 92 2
 47 1 140 276 0 125 0
 38 1 140 297 0 150 0
 49 0 130 207 1 135 0
 33 0 100 246 0 150 1
 38 1 120 282 0 170 1
 59 0 130 338 1 130 1
 35 0 120 160 1 185 0
 34 1 140 156 0 180 1
 47 0 135 248 0 170 3
 52 0 125 272 0 139 0
 46 1 110 240 1 140 0
 58 0 180 393 0 110 4
 58 1 130 230 0 150 0
 54 1 120 246 0 110 0
 34 0 130 161 0 190 0
 48 0 108 163 0 175 0
 54 0 120 230 0 140 0
 42 1 120 228 0 152 0
 38 1 145 292 0 130 0
 46 1 110 202 0 150 1
 56 1 170 388 1 122 3
 56 1 150 230 1 124 3
 61 0 130 294 1 120 0
 49 1 115 265 0 175 1
 43 0 120 215 1 175 0
 43 1 150 247 0 130 1
 52 1 160 331 0 94 4
 50 1 140 341 1 125 4
 47 1 160 291 1 158 4
 53 1 140 243 0 155 0
 56 0 120 279 0 150 3
 39 1 110 273 0 132 0
 42 1 120 198 0 155 0
 43 0 120 249 1 176 0
 50 1 120 168 0 160 0
 54 1 130 603 0 125 2
 40 1 130 275 0 150 0
 55 1 120 270 0 140 0
 41 1 120 291 1 160 0
 56 1 155 342 0 150 4
 44 1 130 290 0 100 3
 54 1 160 195 1 130 0
 59 1 140 264 2 119 3
 49 1 128 212 0 96 4
 47 1 160 263 0 174 0
 42 1 120 196 0 150 0
 46 1 140 272 0 175 3
 50 1 140 231 1 140 4
 48 1 140 238 0 118 0
 58 1 135 222 0 100 0
 58 1 140 179 0 160 0
 29 1 120 243 0 160 0
 53 1 140 320 0 162 0
 49 1 140 187 0 172 0
 52 1 140 266 0 134 4
 43 1 140 288 0 135 4
 54 1 140 216 0 105 3
 59 1 140 287 0 150 0
 37 1 130 194 0 150 0
 46 0 130 238 0 90 0
 52 1 130 225 0 120 1
 51 1 130 224 0 150 0
 52 1 140 404 0 124 3
 46 1 110 238 1 140 0
 54 0 160 312 0 130 0
 58 1 160 211 1 92 2
 58 1 130 251 0 110 0
 41 1 120 237 0 138 1
 50 0 120 328 0 110 0
 53 1 180 285 1 120 3
 46 1 180 280 1 120 0
 50 1 170 209 1 116 0
 48 1 130 245 0 160 0
 41 0 125 184 0 180 0
 62 0 160 193 0 116 0
 49 1 120 297 0 132 0
 42 1 150 268 0 136 0
 53 1 120 246 0 116 2
 57 0 130 308 0 98 0
 47 1 110 249 0 150 0
 46 1 120 230 0 150 0
 42 1 160 147 0 146 0
 31 0 100 219 1 150 0
 56 1 130 184 0 100 0
 50 1 150 215 0 140 0
 35 1 120 308 2 180 0
 35 1 110 257 0 140 1
 28 1 130 132 2 185 0
 54 1 125 216 0 140 1
 48 1 106 263 0 110 1
 50 0 140 288 0 140 1
 56 1 130 276 0 128 0
 56 0 130 219 1 164 0
 47 1 150 226 0 98 1
 30 0 170 237 1 170 0
 39 1 110 280 0 150 2
 54 1 120 217 0 137 0
 55 1 140 196 0 150 0
 46 1 130 222 0 112 2
 51 0 160 303 0 150 1
 48 0 120 195 0 125 0
 33 1 120 298 0 185 0
 55 1 120 256 0 137 0
 50 1 145 264 0 150 1
 53 1 120 195 0 140 0
 38 1 92 117 0 134 1
 41 1 120 295 0 170 0
 37 0 130 173 1 184 0
 37 1 130 315 0 158 0
 40 1 130 281 0 167 0
 38 0 120 275 0 129 0
 41 1 112 250 0 142 0
 54 0 140 309 1 140 0
 39 1 120 200 0 160 0
 41 1 120 336 0 118 4
 48 1 160 355 0 99 2
 48 1 160 193 0 102 2
 55 1 145 326 0 155 0
 54 1 200 198 0 142 2
 55 1 160 292 0 143 3
 43 0 120 266 0 118 0
 48 1 160 268 0 103 1
 54 1 120 171 0 137 0
 54 1 120 237 0 150 2
 48 1 122 275 1 150 2
 45 1 130 219 1 130 2
 49 1 130 341 0 120 3
 44 1 135 491 0 135 4
 48 1 120 260 0 115 1
 61 1 125 292 1 115 0
 62 1 140 271 0 152 0
 55 1 145 248 0 96 3
 53 0 120 274 0 130 0
 55 0 130 394 2 150 0
 36 1 150 160 0 172 0
 51 0 150 200 0 120 0
 55 0 122 320 0 155 0
 46 1 140 275 0 165 0
 54 0 120 221 0 138 0
 46 1 120 231 0 115 2
 47 1 140 193 0 145 1
 54 1 160 305 0 175 0
 52 1 130 298 0 110 3
 34 1 98 220 0 150 0
 54 1 130 242 0 91 2
 45 1 120 225 0 140 0
 32 0 105 198 0 165 0
 55 1 140 201 0 130 1
 55 1 120 220 2 134 0
 59 1 180 213 0 100 0
 51 1 135 160 0 150 3
 57 0 180 347 1 126 0
 54 0 130 253 1 155 0
 60 1 120 246 2 135 0
 49 1 150 222 0 122 4
 51 0 130 220 0 160 0
 55 0 110 344 1 160 0
 42 1 140 358 0 170 0
 51 0 110 190 0 120 0
 36 1 120 166 0 180 0
 53 1 140 186.534 0 129 0
 59 1 160 219.042 0 96 4
 52 1 130 256.194 0 140 2
 45 1 150 246.132 1 165 3
 39 1 160 282.51 1 150 2
 61 0 160 258.903 2 155 0
 48 0 130 218.268 0 140 0
 40 0 130 301.086 0 170 0
 44 1 140 147.06 2 150 0
 51 0 170 126.549 2 140 0
 50 1 140 253.098 0 175 1
 37 1 130 227.556 2 145 1
 57 1 135 285.219 0 90 3
 51 1 125 99.072 0 88 0
 44 0 120 197.37 1 160 0
 47 1 160 214.398 2 165 0
 51 1 140 177.246 2 112 0
 55 1 130 219.042 0 100 1
 48 1 120 246.132 0 150 0
 47 0 140 240.714 0 160 0
 32 0 118 228.33 2 170 0
 45 0 115 236.07 0 130 0
 52 1 150 240.327 0 173 0
 42 0 170 297.99 0 145 0
 45 0 140 366.102 0 145 3
 45 0 110 231.813 2 146 0
 56 1 160 348.3 1 130 4
 44 1 120 309.6 0 130 0
 43 1 120 247.68 0 171 0
 48 1 170 255.42 2 130 1
 47 1 140 222.138 0 150 0
 43 1 110 297.99 2 150 0
 38 0 130 225.234 0 168 0
 47 1 130 229.491 0 95 1
 50 1 120 294.894 2 138 0
 42 1 130 297.99 0 160 0
 57 1 120 193.5 0 105 3
 36 1 140 193.5 0 150 1
 45 1 130 243.81 0 160 0
 45 1 140 224.46 0 122 4
 49 1 100 208.98 0 110 0
 55 0 130 193.5 0 160 0
 52 0 160 201.24 0 155 0
 37 0 130 171.441 2 150 0
 51 1 150 239.94 0 140 0
 52 0 140 297.99 2 160 0
 66 1 160 251.55 2 108 4
 41 0 120 301.86 1 180 4
 45 0 130 247.68 0 117 0
 44 1 150 239.94 0 155 0
 57 1 130 204.336 0 130 0
 36 1 140 282.51 0 140 1
 44 0 120 220.59 0 120 0
 27 1 130 178.02 0 160 0
 37 0 140 166.797 0 120 0
 32 1 110 321.21 0 180 0
 39 1 130 417.96 0 125 1
 56 1 120 255.42 0 102 1
 45 1 120 239.94 0 150 0
 42 0 120 222.912 0 160 3
 42 0 120 174.15 2 170 0
 36 0 140 205.11 0 155 0
 58 1 130 305.73 0 100 4
 45 1 120 205.11 0 136 2
 52 1 162 270.9 0 140 0
 42 0 160 232.2 0 160 1
 39 0 150 193.5 1 145 0
 55 1 140 193.5 0 143 0
 35 1 110 278.64 0 162 0
 58 0 180 348.3 2 126 1
 36 1 140 201.24 0 155 0
 53 1 120 174.15 0 137 0
 51 1 140 189.63 0 108 2
 45 1 130 170.28 2 133 0
 40 1 150 270.9 2 160 2
 50 0 130 166.41 2 88 0
 58 0 130 228.33 0 145 0
 63 1 110 189.63 0 93 3
 53 1 170 216.72 0 126 2
 45 1 130 232.2 0 145 1
 46 0 130 154.8 0 120 0
 58 1 150 220.59 2 100 3
 43 0 150 232.2 0 130 0
 34 1 140 220.59 0 142 0
 50 0 120 239.94 2 125 1
 53 0 130 321.21 0 150 0
 43 0 120 239.94 0 153 1
 20 1 120 224.46 1 170 0
 52 1 140 232.2 0 144 0
 57 1 140 286.38 0 144 0
 56 1 130 232.2 2 117 1
 37 0 130 197.37 0 170 0
 51 1 125 159.831 1 170 2
 56 0 120 247.68 2 150 0
 54 1 135 278.64 0 118 0
 52 1 140 205.11 0 140 0
 44 0 130 286.38 0 130 2
 51 0 100 309.6 0 120 0
 52 1 140 317.34 0 150 3
 56 1 130 297.99 0 120 0
 50 1 110 239.94 0 90 0
 39 1 100 270.9 0 153 1
 52 0 130 216.72 2 174 0
 60 1 140 178.02 0 102 3
 47 1 120 236.07 0 140 3
 37 1 120 464.4 2 139 3
 53 1 130 182 0 148 0
 48 1 110 211 0 138 0
 47 0 140 257 0 135 0
 58 0 150 268 0 154 1
 66 1 110 362 0 110 2
 51 1 140 254 2 150 0
 48 0 140 184 0 122 0
 51 0 120 310 0 142 0
 48 0 120 243 2 180 0
 44 1 150 219 2 140 0
 66 1 122 198 0 140 1
 53 1 110 246 0 150 1
 52 1 128 246 0 150 2
 34 1 110 154 0 174 0
 48 1 110 213 2 143 2
 40 1 110 223 0 150 2
 54 1 160 232 0 142 2
 63 1 140 270 2 100 1
 42 0 145 216 0 142 4
 39 1 120 204 2 160 0
 60 0 160 169 0 100 0
 56 0 130 250 2 122 2
 46 1 140 177 0 160 0
 43 0 140 269 0 150 0
 38 1 140 424 0 160 0
 47 0 120 246 0 142 0
 48 1 120 231 0 150 1
 45 1 130 293 0 142 0
 70 1 150 193 2 90 0
 58 1 140 223 2 110 0
 57 1 140 252 0 132 3
 34 1 120 232 0 126 0
 56 1 110 231 0 86 3
 35 1 110 254 0 135 0
 32 1 120 238 0 180 0
 55 1 140 320 0 130 0
 55 1 130 275 0 135 2
 37 0 150 271 0 140 1
 60 1 140 255 0 105 3
 44 1 150 223 0 170 0
 59 1 140 261 2 145 0
 62 1 100 196 2 105 3
 45 1 140 207 0 145 0
 33 1 150 231 0 116 1
 50 1 150 339 0 140 0
 44 0 120 176 0 115 1
 60 1 120 250 0 100 2
 41 1 140 273 1 185 0
 43 1 110 194 2 152 2
 46 1 140 231 0 133 0
 58 1 150 200 2 82 3
 63 0 140 239 0 121 0
 42 1 130 308 0 115 3
 56 1 160 239 0 110 0
 49 1 122 300 0 150 0
 52 0 130 216 0 155 0
 45 1 140 228 0 145 0
 62 1 120 551 0 79 3
 26 1 120 262 0 150 2
 56 1 140 308 0 150 2
 43 1 160 308 0 150 3
 54 1 132 278 0 122 1
 47 1 120 262 0 140 1
 39 1 140 343 0 142 0
 42 0 130 254 0 175 0
 37 1 110 227 0 150 0
 51 1 130 285 0 120 0
 48 1 122 179 0 88 1
 66 1 140 278 0 88 2
 43 1 115 204 0 120 0
 38 0 120 204 0 124 0
 41 1 130 227 2 150 0
 59 1 160 269 0 120 3
 46 0 140 185 0 160 0
 48 0 130 227 0 134 0
 62 1 120 223 0 117 3
 62 1 130 216 0 145 0
 55 1 150 268 2 116 0
 44 1 120 323 0 170 0
 39 1 180 280 0 110 2
 34 1 150 231 0 122 0
 55 0 140 194 0 142 0
 45 1 160 246 0 132 0
 56 1 140 258 0 150 2
 52 1 130 269 0 140 2
 46 0 140 288 0 137 2
 50 1 140 285 0 142 0
 46 0 120 231 0 160 0
 45 0 130 204 0 129 0
 61 0 150 342 0 105 2
 47 1 160 251 0 126 0
 67 0 160 270 0 130 1
 58 0 140 234 0 126 0
 54 1 120 281.05 0 170 2
 40 0 130 125.895 0 155 0
 57 1 130 372.295 0 103 1
 50 0 120 234.85 0 129 1
 48 0 140 129.36 2 137 3
 65 1 120 221.76 0 125 0
 46 0 120 222.53 0 105 2
 30 0 100 219.45 0 152 0
 31 0 100 232.155 0 164 0
 47 1 140 306.075 0 110 3
 46 1 125 355.74 0 150 0
 41 0 130 257.95 2 151 0
 63 1 115 343.035 0 88 3
 58 0 120 227.15 0 150 0
 51 1 150 232.54 0 125 0
 51 1 120 200.2 2 134 0
 32 1 130 177.1 0 130 0
 55 0 120 232.925 0 125 0
 54 1 128 257.95 0 131 1
 53 0 160 334.95 0 139 0
 58 0 110 458.15 2 112 0
 42 1 140 342.65 0 132 0
 38 0 140 273.35 0 121 0
 31 1 120 428.89 0 160 0
 47 1 140 281.05 0 129 1
 48 1 130 63.14 2 113 1
 44 1 150 369.6 0 140 0
 34 1 140 273.35 0 144 0
 44 1 110 395.78 0 132 0
 56 1 140 234.08 0 138 2
 53 1 160 257.95 0 123 2
 47 1 120 279.125 0 83 2
 38 1 90 238.7 0 110 2
 48 1 140 357.665 2 137 3
 55 0 110 431.2 0 99 3
 44 0 130 235.62 0 180 0
 51 0 110 286.44 0 101 0
 62 0 160 187.495 2 113 3
 53 0 105 242.165 0 139 0
 58 0 140 254.1 0 154 0
 45 0 130 333.795 0 107 0
 40 1 130 330.33 0 146 0
 59 0 130 357.28 0 120 0
 55 1 120 252.945 0 100 4
 43 1 140 433.895 0 155 3
 39 1 100 284.9 0 140 1
 54 1 120 171.325 1 102 3
 43 1 120 232.155 0 126 0
 57 1 160 217.525 0 145 1
 34 1 130 558.25 0 144 1
 44 0 120 211.75 0 126 0
 45 0 128 246.4 0 145 0
 64 0 120 323.4 0 126 0
 41 1 120 200.2 0 150 0
 36 1 130 231 0 142 0
 55 0 130 238.7 0 105 0
 35 1 120 288.75 0 115 3
 53 0 150 289.52 0 134 0
 34 0 120 179.025 0 169 0
 42 1 100 304.92 0 125 2
 57 1 160 287.595 0 105 2
 68 1 170 331.485 1 114 1
 44 1 120 254.1 2 98 0
 61 1 140 231 0 91 2
 67 1 180 331.1 0 105 0
 62 0 160 277.2 2 107 3
 44 1 130 485.1 2 150 0
 36 1 110 265.65 0 147 3
 41 0 95 215.6 0 144 0
 52 0 125 231 0 141 2
 48 1 120 265.65 0 130 1
 37 1 120 346.885 0 182 0
 53 1 140 337.26 0 122 3
 37 1 120 230.23 0 162 0
 44 0 120 309.54 0 164 0
 67 0 180 257.95 0 113 3
 48 0 110 342.65 0 125 0
 62 1 130 265.65 2 130 3
 48 1 130 300.685 0 135 1
 43 1 140 262.955 2 170 0
 43 1 130 349.965 0 153 0
 41 1 130 284.9 0 142 0
 48 1 130 194.04 0 142 2
 48 1 120 231.385 0 128 0
 55 1 110 224.07 0 155 0
 48 1 120 238.7 0 140 0
 54 1 140 219.45 0 127 0
 67 1 140 159.005 1 116 4
 42 0 120 155.925 0 139 0
 47 0 160 288.75 0 160 0
 55 1 120 180.95 0 107 1
 59 1 130 211.75 1 142 3
 65 1 110 342.65 1 98 2
 44 1 120 246.4 1 113 2
 35 1 130 242.55 0 133 1
 45 1 120 292.6 0 120 1
 58 1 150 284.9 1 113 2
 63 1 130 231 1 135 2
 57 1 120 250.25 1 120 2
 35 1 140 315.7 0 119 2
 57 1 140 180.95 1 128 4
 39 1 130 265.65 1 149 1
 56 1 120 215.6 1 118 3
 54 1 130 308 1 110 3
 65 1 120 238.7 1 80 3
 57 1 140 231 1 143 0
 48 1 130 346.5 1 138 3
 40 0 100 269.5 1 126 1
 47 1 140 254.1 1 140 0
 38 0 120 265.65 1 112 0
 49 1 120 254.1 1 95 3
 40 1 135 246.4 1 160 4
 58 1 120 261.8 1 90 2
 61 1 135 346.5 1 112 2
 55 1 160 315.7 1 102 2
 62 1 125 277.2 0 160 2
 48 1 140 223.3 1 120 3
 53 1 120 231 1 120 3
 64 1 130 308 1 120 2
 58 0 130 246.4 1 145 4
 50 0 120 350.35 1 137 3
 35 0 120 223.3 1 150 0
 58 1 130 215.6 1 136 1
 53 1 160 227.15 1 124 1
 40 0 100 269.5 1 130 1
 50 1 120 231 1 123 2
 36 1 130 238.7 1 125 3
 50 1 127 311.85 1 121 1
 55 1 120 300.3 1 140 2
 45 1 100 358.05 1 80 1
 39 0 100 215.6 1 128 0
 60 1 130 310.695 1 130 0
 35 1 100 241.395 1 130 1
 50 1 120 304.15 1 150 1
 58 1 90 292.6 1 98 2
 33 0 150 231 0 133 1
 50 0 150 254.1 1 150 1
 38 0 125 361.9 0 130 2
 54 1 120 200.2 1 130 1
 60 0 120 223.3 1 90 2
 38 0 149 219.45 0 130 3
 57 0 110 281.05 0 96 3
 50 1 130 358.05 0 93 2
 36 1 130 215.6 0 152 3
 38 0 140 177.1 0 164 0
 42 0 140 238.7 1 110 2
 56 0 130 204.05 1 96 3
 42 1 150 334.95 1 120 1
 38 1 90 315.7 1 142 1
 60 1 130 219.45 1 97 3
 56 1 120 257.95 1 130 3
 25 1 150 319.55 1 128 0
 52 1 120 277.2 0 155 3
 49 1 150 261.8 0 112 1
 44 1 120 257.95 1 110 3
 66 1 120 246.4 1 125 3
 70 1 120 211.75 1 120 3
 58 1 140 173.25 1 105 3
 46 1 130 385 1 130 3
 44 1 115 261.8 0 119 2
 30 1 130 265.65 0 151 1
 42 1 130 242.55 0 137 0
 58 1 130 242.55 0 112 3
 44 1 130 281.05 1 110 2
 60 0 100 242.55 0 97 3
 42 1 120 349.965 0 131 2
 46 1 140 246.4 1 111 3
 57 0 160 254.1 1 96 4
 46 1 130 292.6 1 125 3
 41 1 90 173.25 1 150 1
 63 1 140 260 1 112 2
 44 1 130 209 1 127 0
 60 1 132 218 1 140 2
 55 1 142 228 1 149 1
 66 1 110 213 2 99 0
 65 1 150 236 1 105 3
 60 1 160 267 1 157 1
 56 1 126 166 1 140 0
 62 1 120 220 1 86 0
 63 1 170 177 0 84 4
 46 1 110 236 0 125 1
 60 1 130 186 1 140 1
 56 1 120 100 0 120 1
 77 1 124 171 1 110 3
 63 1 160 230 0 105 3
 59 1 122 233 0 117 1
 42 1 134 240 0 160 0
 62 1 152 153 1 97 2
 56 1 124 224 0 161 0
 57 1 130 311 1 148 1
 67 1 142 270 0 125 3
 55 1 110 214 1 180 0
 57 1 140 214 1 144 2
 54 1 136 220 0 140 3
 72 1 120 214 0 102 3
 75 1 170 203 1 108 1
 60 1 142 216 0 110 2
 64 0 142 276 0 140 1
 58 1 132 458 0 69 0
 61 1 146 241 0 148 2
 67 1 160 384 1 130 2
 62 1 135 297 0 130 2
 65 1 136 248 0 140 4
 63 1 130 308 0 138 2
 69 1 140 208 1 140 3
 62 1 158 210 0 112 1
 75 1 136 225 0 112 3
 40 1 106 240 0 80 0
 58 1 110 198 0 110 1
 63 1 160 267 1 88 3
 62 1 112 258 1 150 1
 68 1 150 195 0 132 1
 65 1 150 235 0 120 3
 63 1 96 305 1 121 1
 64 1 130 223 1 128 0
 61 1 120 282 1 135 3
 50 1 144 349 2 120 1
 55 1 150 160 1 150 0
 55 1 116 186 1 102 2
 63 1 110 252 1 140 2
 59 1 125 222 0 135 3
 74 1 150 258 1 130 3
 54 1 130 202 0 112 1
 57 1 110 197 2 100 0
 54 0 138 274 0 105 1
 70 1 170 192 1 129 2
 61 0 140 298 0 120 0
 48 1 132 220 1 162 1
 61 1 142 200 1 100 3
 66 1 112 261 0 140 1
 55 1 172 260 0 73 3
 62 1 120 220 2 86 0
 53 1 155 175 1 160 0
 58 1 150 219 1 118 2
 75 1 160 310 0 112 0
 64 1 134 273 0 102 4
 59 1 140 274 0 154 0
 57 1 144 270 1 160 3
 41 1 150 171 0 128 0
 71 1 130 221 1 115 3
 38 1 110 289 0 105 1
 55 1 158 217 0 110 1
 56 1 128 223 1 119 2
 64 1 150 193 1 135 2
 57 1 156 173 2 119 3
 69 1 122 216 2 84 2
 57 1 180 285 1 120 1
 53 1 124 243 0 122 1
 37 1 118 240 2 165 0
 67 1 140 219 1 122 3
 74 1 140 237 0 94 1
 58 1 100 213 1 110 0
 61 1 190 287 2 150 4
 64 1 130 258 2 130 2
 58 1 160 256 2 113 3
 60 1 130 186 2 140 1
 57 1 122 264 2 100 1
 55 1 120 226 2 127 1
 56 1 130 203 0 98 1
 57 1 130 207 1 96 0
 61 1 120 337 0 98 3
 58 1 150 219 1 118 2
 74 1 155 310 0 112 2
 68 1 134 254 0 151 0
 51 0 114 258 2 96 0
 62 1 160 254 1 108 4
 53 1 144 300 1 128 3
 62 1 158 170 1 138 1
 46 1 134 310 0 126 2
 54 0 127 333 1 154 1
 55 1 122 223 1 100 2
 62 1 120 254 2 93 1
 55 1 140 253 0 123 4
 61 1 130 284 0 135 3
 66 1 120 277 0 160 0
 42 1 140 221 1 130 1
 60 1 150 309 1 110 3
 64 1 95 233 1 87 3
 51 1 120 192 0 140 1
 57 1 130 199 1 109 0
 59 1 110 150 1 128 2
 71 1 140 167 1 128 1
 62 1 140 160 0 156 3
 56 1 160 207 1 96 1
 37 1 110 231 2 168 1
 62 1 150 200 1 130 3
 41 1 150 294 2 100 0
 65 1 118 297 1 132 3
 63 1 160 222 1 145 2
 65 1 120 124 2 116 0
 66 1 170 203 1 110 3
 64 1 118 178 1 97 2
 57 1 130 229 0 174 0
 63 1 140 197 1 120 0
 65 1 170 296 1 150 2
 62 1 120 238 1 172 3
 73 1 180 249 2 90 2
 49 1 138 324 1 160 3
 65 1 114 201 1 108 4
 59 1 134 236 0 103 0
 64 1 132 170 0 135 4
 65 1 136 224 1 105 1
 69 1 110 308 2 119 3
 62 1 120 283 2 140 1
 77 1 140 235 1 78 3
 67 1 155 286 0 146 2
 67 1 140 233 2 128 2
 58 1 140 172 1 98 2
 66 1 130 184 0 142 4
 65 1 140 217 1 140 3
 63 1 120 212 1 135 4
 63 1 110 305 0 127 2
 71 1 98 239 2 138 3
 57 1 138 225 1 151 3
 37 1 140 220 0 145 0
 67 1 140 266 0 105 3
 62 1 115 154 1 140 0
 70 1 118 189 0 122 2
 62 1 140 197 2 100 1
 70 1 130 205 2 112 1
 62 1 110 276 1 144 3
 76 1 120 203 1 150 1
 56 1 126 242 0 118 2
 56 1 140 187 0 130 2
 68 1 130 282 0 125 1
 54 1 170 181 0 145 2
 63 1 105 156 1 118 4
 57 1 120 268 0 107 3
 59 1 124 233 0 120 1
 71 1 130 212 1 167 2
 56 1 140 218 2 148 1
 60 1 160 208 1 125 1
 54 1 160 251 2 112 2
 73 1 100 271 1 144 3
 69 1 126 273 1 92 4
 57 1 180 105 1 136 3
 62 1 130 226 1 180 2
 56 1 130 195 1 132 0
 61 1 104 180 0 124 0
 54 1 140 274 0 158 0
 58 1 108 285 1 150 0
 40 1 108 162 0 160 0
 38 1 125 206 0 113 0
 54 1 130 236 1 81 2
 61 1 120 219 1 120 2
 50 1 110 270 1 131 1
 60 1 140 277 2 109 4
 58 1 150 226 0 122 1
 53 1 130 200 2 160 0
 54 1 140 283 0 127 1
 57 1 115 169 0 121 4
 67 1 120 196 1 155 0
 68 1 140 247 0 119 3
 71 1 115 228 1 111 3
 71 1 190 244 1 133 0
 61 1 150 275 0 124 4
 69 1 130 163 0 87 1
 68 1 120 243 1 132 4
 73 1 140 287 1 145 3
 60 1 128 223 2 120 3
 72 1 150 165 1 119 2
 60 1 140 129 2 148 0
 57 1 120 245 1 154 4
 67 1 140 230 1 137 2
 63 1 140 192.5 1 115 3
 64 1 130 318.78 1 87 3
 41 1 120 345.73 1 120 3
 53 1 110 211.37 1 118 3
 64 1 122 281.05 1 138 3
 52 1 140 308 1 112 0
 50 1 140 231 1 122 1
 53 1 110 231 1 122 3
 40 1 110 231 1 150 1
 61 1 140 231 1 105 2
 47 1 100 278.74 1 127 2
 52 1 140 315.7 1 130 2
 49 1 130 354.97 1 125 2
 54 1 130 261.8 1 113 0
 39 0 95 231 1 150 1
 62 1 120 192.5 1 124 2
 54 1 120 288.75 1 98 3
 44 1 120 216.37 0 130 0
 34 1 140 207.9 1 108 2
 45 1 140 327.25 1 135 3
 48 1 120 308 1 131 3
 61 1 120 308 1 125 1
 69 1 140 308 1 94 3
 71 1 120 242.55 0 100 4
 38 0 130 275.275 0 120 0
 56 1 140 230.23 0 108 0
 64 1 180 232.54 0 132 3
 45 0 140 242.55 2 146 0
 48 1 110 237.545 0 170 0
 47 0 170 281.05 0 176 0
 65 0 140 385 0 117 1
 54 0 110 325.71 0 160 0
 44 1 120 242.55 0 150 0
 47 0 110 195.195 0 147 0
 56 0 140 292.6 2 105 0
 48 1 130 277.2 0 140 0
 51 0 120 115.115 2 136 0
 50 1 160 257.95 2 140 3
 56 1 130 234.85 0 155 0
 46 0 160 311.85 0 125 0
 54 0 110 250.25 0 140 0
 41 0 150 257.95 0 157 0
 56 1 110 404.25 0 122 2
 40 0 110 319.935 0 150 0
 46 0 120 277.2 0 110 0
 54 1 120 250.25 0 91 0
 56 1 130 265.265 0 150 0
 36 1 150 336.49 0 160 0
 54 1 160 358.05 0 94 4
 43 1 120 319.935 0 152 1
 56 1 140 273.35 0 116 1
 51 1 160 231 2 113 0
 34 1 135 207.9 1 168 0
 54 0 150 375.375 0 151 0
 55 1 120 242.55 0 152 3
 61 1 140 346.5 1 122 4
 62 1 120 292.6 0 107 3
 36 1 140 255.64 0 142 0
 51 0 120 250.25 0 108 0
 47 0 130 218.295 0 129 0
 43 1 150 254.1 0 126 0
 40 0 110 153.23 0 164 0
 55 1 140 254.1 0 155 0
 49 1 160 338.8 0 124 2
 53 1 120 246.4 0 150 0
 56 1 130 319.55 0 150 1
 51 1 145 239.47 1 140 3
 50 0 140 288.75 0 146 0
 51 1 140 300.3 1 120 1
 47 0 110 165.55 2 150 0
 61 0 120 250.25 0 75 1
 57 1 130 305.69 0 105 3
 47 1 100 127.05 0 135 0
 36 1 120 221.76 0 147 0
